#Activity	running 
#ActivityID	2 
#Date 09-07-16-36
acc_rf_x	acc_rf_y	acc_rf_z	gyro_rf_x	gyro_rf_y	gyro_rf_z	acc_rs_x	acc_rs_y	acc_rs_z	gyro_rs_x	gyro_rs_y	gyro_rs_z	acc_rt_x	acc_rt_y	acc_rt_z	gyro_rt_x	gyro_rt_y	gyro_rt_z	acc_lf_x	acc_lf_y	acc_lf_z	gyro_lf_x	gyro_lf_y	gyro_lf_z	acc_ls_x	acc_ls_y	acc_ls_z	gyro_ls_x	gyro_ls_y	gyro_ls_z	acc_lt_x	acc_lt_y	acc_lt_z	gyro_lt_x	gyro_lt_y	gyro_lt_z	EMG_r	EMG_l	act
-32768	32767	-23740	-619	1019	-1380	-15976	21304	-32768	-269	1502	76	328	12696	32376	-1461	1939	-11	-2056	21504	32767	2418	-1453	-1606	-14208	-4080	20016	2303	2220	-74	-7840	-11848	11320	447	-1771	-549	129	72	2
-32768	14296	-13772	-209	1552	-7	-17032	13304	-25968	-1283	2423	848	8904	14296	-32768	-3650	5876	714	-5176	25600	32767	2791	-3211	-779	-18856	4352	13448	3869	1450	237	-14752	-4712	11152	1414	-2106	-841	117	57	2
1140	20080	1420	308	3221	620	-16712	-784	-4840	-833	2899	1082	1128	17736	-32768	-663	1036	-81	-15416	24592	27512	1991	-4722	189	-24056	10960	8224	3069	1289	17	-15744	1376	9504	1387	-2189	-839	122	58	2
-15324	30592	13468	-278	4741	2035	-1848	-32768	-32768	581	2055	1312	-32768	-32768	32767	-1075	-4590	1707	-7880	21928	25264	617	-5106	391	-25496	6664	1320	1577	976	429	-19568	3000	9056	1275	-2249	-878	156	185	2
32767	-5852	-25032	15289	-1697	13460	-32768	-32768	-3832	-5157	15491	-12615	-32768	-25080	-30728	3472	2593	-1901	-536	24768	30432	-101	-4313	1201	-27808	6408	-1184	1497	752	458	-32768	29904	-24600	-477	-1473	278	190	88	2
-19376	-13824	10692	-1236	1706	-1392	25568	-32768	-32768	-10072	4174	-125	32767	32767	-32768	1460	3187	-3773	-8856	17160	24728	-1350	-4138	2441	-21104	824	-7200	-1830	-2952	463	-32768	20808	-20192	-1211	-3184	-202	118	68	2
-21832	5180	12572	247	1982	2058	-7144	32767	-32768	883	5505	-88	7520	32767	-32768	-4660	638	1614	-11864	10680	25152	-233	-4157	3580	-27144	1896	-13720	-1805	-4473	270	-32768	11888	-32768	-3318	-4473	-632	162	73	2
-16572	-6976	16328	-302	1854	448	-23816	-17288	-9136	-3840	1484	507	-32768	-32768	-32768	-8856	2441	7251	-23784	13528	24664	352	-5177	3852	-23040	3672	-18680	-1390	-5773	375	-31576	-9064	-28808	-1779	-4901	-1148	142	99	2
-11808	-12912	14440	-159	1848	1422	-32768	-25312	-11480	-3776	598	1417	-32768	808	-15656	6010	3918	343	-27944	9824	22216	363	-6363	3406	-19152	2112	-18272	-737	-6783	761	-17992	1080	-27008	333	-4607	-513	160	133	2
-8780	-16132	29348	112	3653	1953	-32768	-31040	6312	-545	788	1266	-32768	8976	5760	1425	4271	2778	-31856	12832	19040	841	-7007	3150	-19712	2248	-21344	-600	-7199	1109	-7384	8560	-32312	-280	-3690	219	132	171	2
-6900	-7804	32767	92	5847	2545	-32768	-32768	23960	-581	1456	1903	-32768	-6984	21016	-242	3909	2843	-32128	9936	13080	1083	-6809	3287	-19488	-1464	-22256	-623	-7560	1570	3408	6384	-29624	-2339	-3045	-96	122	159	2
-832	-14668	27344	-733	7763	4019	-32768	-32768	29944	-909	1607	2337	-32768	-2568	31272	19	4142	1145	-32768	8624	10128	2035	-5798	3376	-21696	-1112	-26016	-42	-7360	2187	-2008	-10208	-32768	-2047	-1931	611	150	110	2
-19404	-22664	23340	-697	9549	4848	-24928	-30504	29496	-1585	898	1832	-18216	-17136	30584	-216	3614	916	-32768	6232	8728	2458	-4013	3740	-29680	2296	-32768	-569	-6868	2453	7472	-7720	-1512	356	-547	32	156	83	2
-27448	-27016	30904	-766	8881	5262	5440	-17008	26384	-1519	559	1816	-3520	-3056	29096	-202	2303	933	-32768	-4368	752	3180	-2233	4302	-25720	-12904	-32768	-1373	-5722	2048	8408	6968	-5432	1584	94	-689	145	97	2
-32768	-25792	32767	-734	7964	5021	488	-19784	13296	-1354	1306	1553	-3000	-13168	26560	-1056	1069	740	-32768	-11624	-6856	3399	-634	5429	-9936	-7776	-32768	-458	-4366	1174	-6552	10024	496	1415	-654	-171	89	148	2
11076	-28388	26200	-1613	5070	3136	-8192	-15736	8520	-1301	1760	1970	-9360	-19584	26952	341	-641	-14	-32768	-7832	-22024	1528	-184	5125	-3232	7496	-32768	-580	-2457	706	-6584	4432	4280	2186	-1980	-658	0	253	2
-32556	-31576	32767	-1491	-972	1686	-18632	-23144	7640	-2616	1890	1974	-13208	-3072	19872	1646	-1752	164	-32768	-16768	-32768	-1230	-582	2776	3856	-3600	-32768	-2431	-179	492	368	5024	12360	1305	-322	148	10	225	2
-16600	-32768	25552	453	-2488	1489	-11104	-30992	28176	-1730	2512	1535	-11688	1832	11408	1574	-1785	306	-32768	-32768	-29376	437	440	1836	584	-21168	-32768	-1291	1511	318	1464	-4240	9208	-770	2752	843	41	184	2
-10784	-32768	26168	657	-2371	1623	-12296	-10184	26296	-302	2991	946	-4552	9744	15904	1516	-2319	-19	-22600	-32768	-23696	2064	4437	-1981	1336	-22048	-32768	180	2872	260	8584	-10416	-18784	210	5568	1094	46	207	2
-208	-20932	27440	-659	-1681	-101	-15608	-9160	20696	-1072	1789	585	-13256	6944	11048	-149	-2755	496	-32768	-6496	-10136	-1723	4268	-10599	736	32767	-32768	2668	4629	321	-32768	-21032	32767	-1431	-2548	411	99	194	2
-6268	-24820	29732	-1279	-1692	-668	-17064	-15872	11520	-1904	123	159	-32768	-12104	-3688	-1543	-2843	514	-32768	-32768	32767	-5706	5831	-13688	-32768	-29816	-32768	-8467	12161	4777	-32768	32767	-30112	6983	3797	124	100	162	2
-19028	-29304	32767	-447	-2648	-1779	-32768	-32768	1168	-1190	-1133	249	-32768	-8480	-6856	306	-2959	-750	7248	6056	28296	-593	1497	495	-25320	9040	-32768	5892	9536	3695	13272	-32768	-32768	333	3200	3555	132	229	2
-14148	-25712	25224	1222	-4111	-2524	-27816	-25160	608	1580	-1305	-553	-32768	-3344	-13384	1725	-3644	-1995	-14456	-6304	14544	276	862	-589	27016	12344	-32768	845	4490	993	32767	-11696	-32768	2473	2707	-479	121	253	2
-10796	-13220	19940	832	-4351	-2813	-17256	-10896	-3936	3442	-1918	-1541	-32768	3024	-17752	2496	-4305	-1997	-19696	-5952	11288	330	839	-487	-32768	15224	-25984	-315	3502	605	-32768	32767	-32768	2817	3447	-3299	171	24	2
-17920	-13104	18220	-716	-5112	-3444	-23448	-9952	-10216	3413	-3437	-1565	-32768	12984	-21880	273	-3663	-1116	-7192	-2904	24592	444	1947	-850	-32768	-864	-22840	1656	1485	-45	-32768	32767	-13976	-1038	3764	89	164	253	2
-22268	-12724	14504	-1284	-6170	-3900	-19800	-9888	-8664	2284	-5473	-1915	-22528	9096	-23016	-1080	-3508	-939	1456	13400	30536	822	4244	-1310	-32768	12448	-6800	1600	1329	-509	-32768	-1496	-4928	-2576	5002	-224	128	253	2
-21312	-9308	12036	-1952	-6308	-3618	-17120	-9944	-8184	1687	-6530	-2477	-8104	8088	-21288	-1989	-2861	-1044	1104	5696	27880	1329	6990	-1804	-32768	7944	-7288	1262	1255	-674	-32768	-3072	10752	-1987	4293	211	135	0	2
-21976	-9120	16320	-2886	-6072	-3441	-22032	-8768	-10624	1890	-6646	-3198	-3184	4888	-22496	-2135	-1851	-719	-8264	4512	27496	2036	8612	-2358	-32768	-1320	21528	1309	522	-686	-32768	-14392	28376	-1382	3447	1201	134	0	2
-28052	-9072	14008	-3572	-5704	-3778	-26384	-8576	-15168	1548	-6852	-3671	16	1304	-23896	-1361	-603	-920	-25168	13336	22136	2536	10284	-2908	-32432	0	25552	1629	846	-333	-32768	-9536	32767	-1594	1794	1648	110	0	2
-32768	-9748	13444	-3777	-4895	-4539	-27256	-7648	-24520	1746	-6723	-3867	7296	1752	-25480	15	-16	-1001	-26816	24848	29880	3418	9887	-2533	-9592	8840	24416	1852	1280	-512	-2536	-15328	32767	1443	1959	105	109	0	2
-32768	-9704	4296	-3378	-3731	-5724	-31400	-4448	-32768	2444	-5503	-3917	4704	3936	-13424	1683	-77	-585	-31848	21032	32767	3528	8052	-2994	-9672	16240	16288	320	2322	-935	-21800	-5680	21976	1758	-420	-688	101	20	2
-32768	8768	-3840	-2750	-2135	-6488	-32768	4800	-32768	3122	-4052	-3925	3192	2752	-2288	2487	-571	87	7200	32767	24736	2888	5606	-3064	-19944	4736	12944	-408	3109	-1083	-11928	7280	17872	583	-763	-78	99	61	2
-32768	32240	-14780	-2983	810	-6335	-32768	18584	-32768	2816	-2308	-2642	2656	-1736	10296	1092	-2102	-529	-32768	32767	32767	99	2647	-2157	-24368	9856	416	519	4316	-631	-7280	1248	19848	-578	-1337	7	100	69	2
-32768	22188	-25356	-1455	2123	-4710	-13912	13856	-32768	1075	-993	-1008	472	1456	16536	35	-899	-952	-11576	27880	32767	-1190	-508	-924	-22120	11608	27616	302	3255	-753	-8744	-3024	3952	998	-376	-375	95	71	2
-27704	-13952	32767	-634	6986	4261	-6856	-18848	8080	-900	1866	2103	-3688	-19000	18008	-57	162	416	-32768	-6512	-5624	2898	-1120	5344	-3456	-5896	-32768	-527	-3756	1180	-4112	1456	6880	1344	-2327	-909	167	52	2
-32768	-10088	10652	-720	4222	4507	-11360	-12760	2240	-941	2265	2123	-8448	-11976	19456	1486	-777	-199	-32768	-15928	-25080	391	-730	4092	-3104	40	-32768	-665	-1882	606	3152	3680	13040	2069	-1815	-989	146	33	2
-25000	-28092	29752	1035	-1570	11	-11112	-20888	10568	-448	3052	1699	-9520	600	12744	2168	-1566	128	-32768	-26744	-26200	-618	-53	1704	4016	-10208	-32768	-1439	-39	417	4552	2904	16216	1082	498	172	164	20	2
-10368	-18160	24436	1885	-2380	595	-12088	-18816	23944	170	3463	1203	-11384	7976	11744	2246	-2048	71	-32768	-23976	-19272	814	105	901	2528	-16960	-32768	-329	1741	99	2928	-9872	12728	-2145	3099	829	159	49	2
1832	-8288	23912	364	-1620	1144	-15888	-7280	25112	-373	3100	1170	-5496	14544	14352	1613	-2451	-21	-32768	-32768	-17040	-288	3566	-1998	-2056	-13680	-29448	98	2396	170	12576	-5888	-30392	831	5019	1271	156	49	2
-232	-15444	23780	-1484	-1203	995	-15688	-7608	17368	-1868	1549	837	-14736	11280	11384	-78	-2627	542	-5320	-32768	-31280	-3799	3671	-8146	3648	32767	-32768	2548	4569	-549	-23096	-17488	32767	-14	-869	435	160	53	2
-7872	-25316	27388	-1496	-1323	300	-17720	-14888	10024	-2743	134	520	-30416	-8688	528	-1701	-2600	664	32767	32767	32767	-14366	-2391	-6277	-32768	152	-30312	-6357	12816	2611	-32768	22416	-32768	4352	4089	-1905	154	57	2
-14784	-30168	32767	-263	-1783	-1029	-32768	-31560	4312	-1679	-1013	389	-32768	-12568	-1440	-621	-2275	-282	-32768	32767	-14976	-643	2548	2096	-27968	-16304	-32768	4890	9691	1708	1816	-32768	-32768	1939	3024	2955	174	127	2
-13956	-32768	32767	101	-1971	-1277	-32768	-25960	1840	1555	-724	-290	-32768	-4648	-6576	1570	-3636	-1900	-2056	-12784	21008	-68	865	-829	17992	23120	-32768	1493	4981	896	32767	-20136	-32768	3315	2104	53	154	191	2
-8680	-14520	23744	984	-3338	-2957	-15664	-14184	-3832	3472	-1566	-1318	-32768	80	-11600	2237	-4163	-1758	-19344	11720	13872	601	1055	-473	-29264	15904	-32768	793	4170	43	-32768	32767	-32768	3058	3740	-2767	145	145	2
-14072	-14208	21488	-98	-4305	-3517	-23208	-11560	-8248	3801	-2964	-1400	-32768	11744	-19856	521	-3755	-943	-12064	-56	19568	286	1809	-811	-28000	8368	-27920	1550	2257	-461	-32768	32767	-19080	-1949	3255	-91	141	190	2
-23056	-11780	20708	-818	-5592	-3849	-23688	-8440	-9264	2807	-5279	-1649	-27792	9040	-21888	-1015	-3846	-816	1328	10688	28936	589	3923	-1549	-32768	10552	-19088	1021	2190	-986	-32768	-4416	904	-2048	4385	-720	145	253	2
-25040	-6164	17312	-1949	-6701	-3307	-19384	-9328	-9288	1519	-6983	-2112	-14072	5320	-21448	-1932	-3328	-505	-8744	10904	31568	866	6664	-1790	-32768	-4376	3952	441	1433	-1190	-32768	-6320	9560	-1605	4092	454	129	17	2
-28092	-7052	16528	-3096	-7434	-2505	-21776	-7696	-12336	648	-7749	-2678	-10080	6536	-22632	-2152	-2504	-180	-9944	9104	26584	899	8156	-2886	-32768	6360	16896	964	753	-847	-32768	-1280	23560	-1064	3808	723	115	62	2
-32120	-5576	11984	-3497	-7521	-2379	-24024	-4888	-15792	127	-7975	-3369	1880	2656	-23120	-1569	-1452	-266	-15032	9072	23616	749	9631	-4168	-32768	6192	18728	1258	981	-758	-32768	-720	32767	-206	3060	1222	92	81	2
-32768	-2952	8016	-3417	-6597	-2902	-25568	-2464	-22864	489	-7315	-3852	6760	2728	-16664	-713	-872	-511	-25928	18448	31840	991	9408	-4100	-22904	10952	28392	762	958	-648	-15056	-7904	29984	596	1492	506	72	160	2
-32768	432	1224	-3062	-5021	-3942	-27448	-2776	-31152	1344	-5688	-3926	7520	552	-12112	124	-121	-725	-32696	21776	32767	2597	8880	-3808	-7840	10096	21440	565	1540	-757	-10632	-6880	28536	641	1087	110	85	145	2
-32768	11652	-7116	-1783	-3103	-4887	-32768	3736	-32768	2881	-3420	-3693	264	1832	-8320	1002	808	-285	-17072	27304	32767	2562	5782	-3200	-19680	11088	9848	-62	2505	-1253	-12200	9288	18184	-850	-543	-160	93	112	2
-32768	27664	-11820	-982	-754	-5531	-32768	17480	-32768	4145	-1363	-2844	6328	-5024	-3360	343	-1439	-575	-24096	32767	32767	-1190	1095	-941	-20872	13744	14144	-222	3027	-813	-11736	-2032	18944	-1824	-1554	441	102	97	2
-32768	28440	-19728	161	899	-4736	-23064	17784	-32768	2650	-203	-1199	688	-2616	9792	965	-1804	-825	-8904	32767	32767	-931	254	-415	-17904	4992	24848	-951	2192	-523	-6928	-11288	11584	-1213	-1753	5	86	119	2
-32768	31716	-20444	152	479	-2228	-18808	15688	-32768	258	415	-397	168	2136	10768	-97	252	-557	400	14480	32767	-402	-2318	537	-16824	-1368	24624	183	1878	-354	-6928	-11504	12592	-77	-1464	-434	104	60	2
-32768	30764	-19280	-2269	-117	-894	-15200	16144	-32768	-1517	768	451	552	11488	8200	-1451	3477	727	904	15368	29440	1375	-3275	706	-16048	1512	17688	1627	1402	-138	-10536	-12760	10336	250	-1912	-712	63	140	2
-26736	6528	-16084	-1813	920	-242	-12048	10096	-16600	-2178	1491	973	-3648	22520	-32768	-1756	3960	992	-4880	17296	26128	1697	-4411	669	-19440	3824	13960	2204	946	8	-12528	-10520	11560	1555	-2110	-943	65	117	2
-32768	31168	-32768	2091	4429	4888	616	-18080	-32768	-641	1799	800	-18432	-2848	32767	-95	-765	377	-6368	18976	25280	870	-5108	142	-24496	5304	4728	2408	429	489	-26656	11224	6368	2350	-1918	-840	91	116	2
-32768	-32768	-18068	7995	-102	4267	-32768	-32768	-32768	-1397	5860	-3767	-32768	-5416	-3280	2399	4273	-1565	-5408	23256	30832	473	-5123	618	-32768	7808	-2272	1771	-779	421	-32768	17952	3464	2432	-1821	-904	164	236	2
-1968	32767	32767	2197	1704	2715	-32768	32767	-13184	-316	6605	4611	-29248	32767	-32768	1520	1437	-1445	-5752	28560	19936	-897	-4927	1506	-32768	4808	-7152	68	-2004	718	-32768	14544	-13648	-986	-2971	222	15	158	2
-15504	-30472	2880	-450	1471	-392	32767	-6856	-28704	-3966	5069	1131	28424	32767	-32768	-2502	1439	1764	-13920	17760	17352	-522	-4111	2374	-27880	6488	-16440	-1094	-2948	806	-32768	5536	-11960	-2325	-4260	-248	37	145	2
-12756	-1764	13092	-416	1291	-20	-24768	-23376	-16688	-2928	1833	453	-32768	-22920	-32768	-7149	1886	5218	-21656	17616	14136	800	-3366	3399	-27552	1616	-22176	-1987	-3941	770	-32768	-1536	-19936	-2070	-4740	-769	85	98	2
-17176	-18784	8628	261	1228	970	-24616	-20584	-18720	-3889	773	1347	-32768	-26656	-32768	3370	2802	927	-24928	12472	11712	777	-2886	4144	-17224	992	-22424	-1911	-4746	980	-23248	-640	-20032	7	-4057	-363	90	202	2
-15916	-17004	17348	-225	2171	1121	-21704	-32768	-16736	-1157	147	1465	-32768	-7720	-10184	1569	4823	2820	-28208	17088	10696	55	-2796	4596	-13408	6584	-22024	-2042	-5041	1135	-14776	14408	-23920	1314	-3195	24	97	206	2
-7036	-7596	32767	159	4095	2185	-32768	-29768	10192	317	580	1716	-32768	2544	15752	1427	4271	2660	-22872	7000	15480	-686	-2976	4805	-17176	1904	-24464	-2931	-5661	787	-10848	20384	-22328	-1643	-3274	-142	131	181	2
-4408	-12152	30924	-343	6609	3172	-32768	-30808	32767	-801	2125	2451	-32768	7128	32767	-27	4618	1237	-32768	-3312	11504	943	-3864	3766	-15104	-3728	-24376	-895	-5998	652	3112	352	-15968	-1939	-1620	187	133	156	2
-2668	-16280	25112	-455	8416	4637	-32768	-32768	30920	-1079	1317	2253	-30640	-15200	32767	-421	3768	976	-32768	2480	4232	1717	-4465	2134	-9040	2808	-24528	707	-5732	1217	8056	-8800	-11800	-1728	217	212	211	0	2
-12916	-20628	29104	-783	9196	5509	5160	-20816	32720	-2139	845	1918	-6264	-4928	32767	-185	1603	617	-31024	4136	1480	1200	-3793	1260	-12880	-576	-25872	531	-5338	1562	5560	-3272	-9304	-1077	535	-238	232	0	2
-28764	-15220	23812	-2143	8619	5068	7096	-17136	16256	-2000	1106	1960	-6656	-15448	19984	-1525	605	1135	-32768	160	-2712	1559	-2893	1423	-11320	-3664	-31136	526	-4711	1425	3240	3424	-5920	874	-532	-694	188	22	2
-29088	-23936	31304	-1078	6176	4639	-8440	-22208	9232	-1778	2085	2618	-3576	-22160	10464	426	-620	-63	-32768	-1256	-7584	1883	-2181	2304	-7248	-3000	-32768	458	-3460	1377	-1696	5576	1600	1752	-1688	-869	173	43	2
-32768	-22188	17960	2043	4403	4026	-22416	-14232	-2280	-1625	2633	2378	-5824	-10696	10112	1148	-1145	-60	-32768	-10136	-15112	1704	-1703	3031	-1448	-4128	-32768	-349	-2186	772	-40	4472	4576	1701	-1501	-455	187	57	2
-18740	-26228	28944	1729	-526	629	-6400	-20512	13464	-394	3618	1728	-8624	-4392	2464	2251	-1240	51	-32768	-11752	-20848	270	-1051	2447	912	-3064	-32768	-518	-726	581	-1376	832	6056	1391	-315	241	160	47	2
1636	-18940	29712	1772	-1205	757	-3920	-17672	21912	667	3610	1248	-7104	2344	11400	2560	-1943	-52	-32768	-21136	-17616	-367	-469	1523	2632	-12152	-32768	-900	664	439	3552	-8992	8360	-1117	2293	1090	154	75	2
2532	-13828	27596	581	-1244	1035	-9776	-9488	23864	475	2718	954	-8144	9712	12408	2024	-2164	-207	-32768	-28408	-18760	904	4	1358	3232	-20648	-27832	-707	1736	189	16896	-3968	-18688	524	5042	1959	147	63	2
868	-20164	27852	-220	-1589	923	-13344	-11280	19160	-695	1440	845	-11344	9232	14296	714	-2434	107	-32768	-32768	-32768	758	3774	-2279	11040	-8856	-32768	-457	2552	126	-1352	-288	-13432	2702	2191	772	136	147	2
-13060	-19324	27912	-359	-2289	123	-17592	-10208	10528	-1747	261	580	-18392	2512	11488	-315	-2534	142	-32768	32767	-32768	-17603	-2387	-4669	-32768	32767	-32768	-4183	8813	1310	-32768	30488	32767	-3469	1179	-2605	147	141	2
-14592	-18092	32767	-919	-2975	-735	-25464	-23256	4200	-1391	-1147	263	-22944	-1352	8984	-528	-2545	137	24680	-8400	32767	-185	654	-587	-16528	-32768	32767	-5023	5282	-7170	-32768	-20824	-32768	511	2483	3118	149	87	2
-18800	-30380	27572	311	-3616	-1337	-32768	-32768	808	113	-1480	316	-32768	-1280	-9296	1715	-3521	-1557	-20496	32767	7984	327	1237	-120	32767	32767	-14656	3782	4255	946	32767	-32768	-30176	4357	1027	2138	149	152	2
-15636	-18284	23676	651	-4016	-2263	-21536	-15776	-7344	2143	-2215	-1024	-32768	-664	-12616	2541	-4516	-1632	2056	4544	21200	803	732	546	-32768	1480	-23304	-491	4537	425	-2888	19696	-32768	5705	711	-1651	141	162	2
-20968	-14892	17920	-786	-4420	-3038	-23528	-15080	-12008	2734	-3367	-1569	-32768	11064	-15880	1000	-4104	-913	-7880	4760	16608	222	1313	-1027	-25504	-8576	-32000	1888	2262	565	-32768	32767	-32768	341	6639	-83	146	117	2
-25424	-13892	14356	-1616	-5245	-3411	-19848	-13032	-13888	2316	-4740	-2095	-30160	9656	-22800	-1139	-3644	-908	-9712	15680	20768	473	2727	-737	-31024	18720	-11128	1947	1883	-693	-32768	2320	-9720	-2481	4636	-1175	135	254	2
-24948	-11528	11540	-1962	-5641	-3579	-17096	-8624	-11800	2175	-5554	-2861	-13728	6360	-22848	-2051	-3347	-1001	-8824	8480	29848	540	5398	-1596	-32768	8280	-2560	780	1351	-1338	-32768	12136	4360	-993	4177	-583	126	0	2
-20380	-9032	12424	-2416	-5495	-3905	-18480	-6048	-10728	2351	-5721	-3482	-6328	3672	-21552	-2204	-2328	-433	2888	12664	25896	569	7191	-2222	-32768	-1856	11736	121	742	-856	-32768	-14472	14592	-2143	4130	1035	101	101	2
-22224	-2944	12684	-3085	-4922	-4333	-23992	-2456	-12200	2300	-6176	-3790	-1736	3808	-21496	-1698	-1327	-422	-4664	7600	26120	1245	9112	-3574	-32768	120	17712	1253	519	-254	-32768	-17272	29352	-751	3336	830	1	253	2
-32768	-84	12296	-3365	-4270	-4615	-25936	-2296	-19568	1947	-6307	-3669	3576	-1384	-20656	-683	-773	-487	-26616	17992	32767	1132	9862	-3676	-32768	8152	23120	2307	840	-80	-23776	2176	32767	1469	1453	832	24	191	2
-32768	3988	7240	-3099	-3511	-4980	-28000	1376	-27848	2363	-5524	-3577	9984	-1800	-19584	858	-157	-703	-25120	21288	22832	2140	8809	-3632	-6680	14472	27936	1558	1420	-566	-3152	-2784	29696	1164	122	-139	64	149	2
-32768	7828	-128	-2369	-2731	-5046	-30472	4616	-32768	2580	-4315	-3057	5856	4024	-11000	1658	623	-127	-32768	16728	32767	2858	6542	-3630	-13400	12048	9640	635	2844	-964	-11368	6024	27256	452	-486	-554	89	139	2
-32768	13164	-7596	-1237	-1658	-4874	-32768	3560	-32768	2840	-3118	-2500	4832	-1384	-7192	1120	-526	-392	-28224	22776	32767	2826	5965	-3365	-17608	6424	13744	-167	3058	-800	-14408	-3144	17608	-956	-1046	-155	97	119	2
-32768	23376	-20512	563	-1556	-3890	-21992	12544	-32768	2781	-1154	-1796	-1976	2200	6456	596	-2029	-371	-10592	32160	32767	-533	680	-427	-21352	12352	16568	86	2983	-332	-7288	-5424	11544	-403	-1371	-30	87	127	2
-32768	30816	-27172	1694	-863	-2039	-18800	18176	-32768	1784	655	-938	-560	2144	14656	596	-578	-470	-600	21888	32767	-448	-787	-262	-20280	6200	26800	287	2615	-248	-10816	-7048	6272	544	-1798	-431	99	112	2
-32768	31392	-23184	-39	200	-1433	-22744	21168	-32768	160	1374	232	-4448	4528	16536	-369	1499	-112	6024	18464	32767	791	-1432	-336	-14128	-2112	23112	798	2075	-13	-5984	-14280	11936	228	-2110	-372	105	113	2
-32768	17224	-19884	-1463	953	-1180	-14648	10016	-27336	-1582	1749	1034	-2200	16976	3616	-662	4531	1023	1240	18376	32496	1817	-3018	276	-14672	1600	16568	1882	1396	189	-8664	-8360	9992	1244	-1769	-584	96	103	2
-20624	-8960	14884	857	2259	711	-5816	-12704	-9904	-1610	2342	1306	-1376	13240	-30792	-1589	3193	792	-5048	18896	30504	1959	-4266	765	-18912	4264	11104	2348	844	416	-17512	-576	10080	1694	-2043	-616	78	94	2
3480	32767	32767	4104	3445	9872	10336	-32768	16760	-3767	3383	1690	-32768	-30304	32767	-856	-3126	139	-11264	26984	32144	857	-5074	1076	-26896	9856	-1304	2193	62	626	-32768	24416	568	2096	-1943	-621	169	198	2
25376	32767	32767	8713	-734	5758	-32768	-31000	-32416	-6957	9905	-2045	-31528	3752	-32768	2383	1234	-885	-7296	25224	27776	-600	-5408	2082	-32768	10000	-5408	-470	-1334	716	-32768	18488	-13912	-1426	-2399	483	148	97	2
-32768	-10240	9996	-537	1508	251	-3920	17312	-32768	-7414	6213	1233	24992	32767	-32768	-2769	3046	-2458	-13160	10928	20384	-652	-5001	2380	-21960	1736	-8616	-881	-2526	599	-32768	7456	-11800	-2203	-3551	98	113	50	2
-1752	3248	20092	77	948	1149	-3928	12872	-32768	-2336	3709	-619	7728	32640	-32768	-4732	654	2767	-15624	13952	19096	778	-4307	2501	-32336	4544	-15896	-1058	-3817	661	-32768	3104	-15184	-2165	-4279	-315	133	53	2
-16240	-20288	16880	-626	1792	227	-32768	-32768	-32768	-1410	976	1583	-32768	-32768	-32768	-7590	5411	5623	-23824	20008	19216	739	-4355	2958	-25496	4784	-22032	-905	-4715	1096	-32768	-3544	-21576	-231	-4150	-1038	62	254	2
-10024	8	23392	64	1401	833	-32768	-15488	-12032	-1929	899	1627	-32768	5552	-20176	3690	3436	1006	-29264	12200	18856	689	-4741	3450	-18568	1080	-23856	-980	-5408	1449	-21784	-192	-21992	761	-3381	-283	40	253	2
-10936	-14768	26224	-337	2568	1495	-32512	-27768	-1080	-376	860	1616	-32768	728	2480	1227	4228	2506	-26264	10728	12496	1256	-5070	4012	-15968	3152	-20960	-883	-5796	1547	-21192	21464	-28432	-336	-3006	138	72	220	2
-3740	-14552	31168	233	5311	1811	-32768	-32768	18368	-339	1513	2477	-32768	1472	19112	337	4513	1729	-25088	1912	9144	1490	-4728	3611	-14160	-840	-21736	-1019	-6123	1566	-392	8496	-22272	-1716	-3877	-477	115	145	2
-4732	-15292	31548	38	5598	1998	-32768	-31128	24696	-193	1411	1614	-32768	-6848	32767	-542	4945	1275	-31208	-320	7816	2251	-4269	2885	-14496	-5672	-26744	-70	-5973	1780	10000	-10736	-11664	-813	-914	102	136	102	2
-19996	-22244	26108	-677	8901	5295	-25088	-27152	32767	-1396	1288	1284	-20736	-8808	32767	327	3016	837	-32664	-3904	2712	2426	-3046	2563	-14760	-5280	-27424	369	-5572	2006	9568	400	-8720	-277	512	-207	155	106	2
-19744	-12820	26512	-1357	8890	5601	7208	-15560	24496	-2578	738	1250	-6680	-8944	32767	112	590	796	-32768	-4376	-552	2152	-1231	2468	-14712	-7424	-32768	-78	-4925	1723	4008	5848	-9240	-124	320	-63	132	102	2
-32768	-31300	32767	-1986	7896	4877	5288	-19944	11760	-2261	1392	2237	-5104	-19576	13064	-655	70	655	-32768	-9912	-1736	2198	-237	3099	-8960	-12744	-32768	39	-3675	1216	-2016	8144	384	892	-1011	-434	126	102	2
4004	-24164	31592	132	4558	3992	-13104	-20072	10512	-1527	2227	2051	-7648	-17344	14840	784	-564	-84	-32768	-10304	-9144	1469	-606	3448	192	648	-32768	-388	-2183	541	-2208	10664	880	1493	-1734	-527	118	100	2
-26192	-26780	32767	727	122	1924	-16864	-14888	7984	-1374	2528	2178	-5832	-3320	12032	1640	-998	168	-32768	-11512	-20792	-1358	-1239	2202	1392	1456	-32768	-1681	-704	164	-672	4192	3384	1255	-839	-220	133	81	2
-4128	-24216	31776	852	-2115	821	-7336	-20968	28976	-556	2920	1672	-7944	5888	7104	2119	-1557	246	-32768	-18504	-20120	-2404	-895	479	1680	-8472	-32768	-2092	679	257	3624	-4368	6864	-491	1494	808	128	66	2
10696	-16472	27740	307	-1762	1224	-6904	-9216	29920	-331	2301	1174	-5520	7752	12144	1458	-2348	266	-32768	-21208	-17320	-114	-350	622	1040	-18432	-28672	-1518	1662	34	6728	-8984	-5184	-2970	4378	1934	128	88	2
3504	-16552	25688	-959	-1919	927	-9936	-7608	18472	-1507	663	1065	-10800	8832	11768	386	-2452	498	-32768	-13016	-32768	-1483	4918	-80	344	3952	-3176	394	1646	370	6712	-9136	-30152	2613	4420	1410	123	90	2
-3732	-23484	23968	-1306	-2813	178	-11384	-14376	13176	-2448	-595	814	-14200	3288	9880	-467	-2547	702	-32768	-26664	32767	-7340	5511	-8550	10096	32767	-32768	805	3773	191	-22384	-23304	32767	-1903	-2343	486	131	161	2
-12460	-22008	22772	-747	-3700	-516	-12888	-17048	3080	-2031	-1342	430	-30248	-9096	1104	-904	-2717	453	32767	-32768	32767	-5416	-754	-6150	-32768	-32768	-7672	-5563	6873	-5797	-32768	32767	-32768	4786	4768	211	123	114	2
-13568	-23512	28932	-679	-3919	-1224	-32768	-30040	4904	-678	-1332	-107	-32768	-11512	-6400	-88	-2115	-472	-9464	-32768	32767	123	916	-2002	12200	4440	-32768	3819	6346	3356	-3952	-32768	-32768	520	3007	3461	150	113	2
-13632	-30892	18000	542	-3937	-1934	-32416	-32768	-2040	1475	-1329	-887	-32768	8664	-8848	1573	-3922	-1476	-18328	7496	8944	480	792	-390	14136	10768	2120	-1011	3780	557	32767	-15472	-32768	4476	2349	627	137	183	2
-14004	-17292	16824	-77	-3521	-2569	-24480	-13128	-7952	2632	-2271	-2118	-32768	6992	-9616	1000	-4382	-1212	-6432	18696	17488	962	1471	271	-32768	21512	-7512	156	2720	114	-32768	32767	-32768	4965	2232	-2353	130	174	2
-17908	-16412	15676	-2136	-3749	-3311	-23216	-14560	-11536	1923	-3828	-2301	-32768	4984	-16576	-1356	-3840	-612	-12424	-4472	20616	742	2324	-758	-28376	1976	-21096	1749	2319	-40	-32768	32767	-15848	-1267	3044	-443	128	253	2
-20128	-16300	16040	-2243	-3991	-3718	-19696	-14440	-11392	1773	-4642	-2896	-22992	2800	-20504	-2342	-3387	-1020	-3136	2584	28632	629	4388	-1592	-32768	4920	-13456	1651	1771	-370	-32768	-7256	616	-2665	4088	-905	126	253	2
-21652	-13612	15660	-2571	-4186	-4037	-19520	-12272	-11928	2053	-5083	-3357	-11736	-3856	-21552	-2732	-2407	-1232	-6144	7032	32344	702	6709	-1739	-32768	6472	7072	699	1200	-787	-32768	-1128	9360	-1072	4251	235	177	0	2
-21540	-11344	15280	-2969	-4320	-4421	-20816	-8552	-12960	2288	-5515	-3692	-6608	-5216	-24952	-1769	-1315	-1235	-7880	9840	19864	601	8461	-2569	-32768	3304	16240	1026	786	-476	-32768	-2120	27576	-516	2968	806	198	0	2
-28284	-8372	11296	-3471	-4161	-4682	-23680	-5584	-18208	2015	-5859	-3864	-3024	1272	-27056	106	-639	-1415	-20864	15056	24208	1571	9744	-2870	-32768	5952	18720	1476	956	-467	-30792	6344	32767	-624	1703	1273	127	60	2
-32768	-9584	6912	-3303	-3469	-5023	-21904	-3296	-26808	2070	-5497	-3979	7344	2984	-20512	1149	-843	-868	-23272	22304	22696	1780	9691	-2894	-21784	9784	25632	1209	1227	-474	-13344	-4960	28616	1443	1378	397	118	98	2
-32768	-2052	728	-2762	-2748	-5487	-29912	2560	-32768	2384	-4608	-4012	10632	5368	-11952	1846	-462	-467	-29688	20456	26592	2228	9204	-3135	-6512	12608	18520	336	1850	-879	-8624	-2304	21896	989	1265	318	121	90	2
-32768	15468	-7328	-2385	-1547	-5712	-32768	9456	-32768	2241	-3252	-3505	464	5848	-1816	1379	-621	118	-21312	29592	32767	2264	6250	-2829	-7600	11872	17448	305	1939	-973	-12360	-4536	24656	-974	-1189	65	66	174	2
-32768	31528	-15348	-2286	247	-5108	-31400	21056	-32768	1857	-1900	-2091	-1440	-8	7080	158	-1761	-211	-32768	32767	32767	-304	3063	-381	-22616	4528	4160	232	3331	-631	-8544	-4648	23056	-1750	-1851	-36	90	88	2
-32768	22808	-20124	-255	922	-3296	-21400	16304	-32768	816	-104	-1003	-2080	-448	15712	144	-1686	-855	-14896	22024	32767	-845	-874	907	-22984	9808	21888	216	2595	-9	-9136	-9920	12648	-199	-1427	-327	117	83	2
-32768	32767	-21148	862	568	-1422	-21032	19032	-32768	333	1697	-162	3584	4048	23496	244	990	-925	-2704	8064	32767	561	-1446	-516	-20712	2448	25920	633	2650	-68	-10080	-17624	8600	672	-1893	-408	107	94	2
-32768	32767	-21000	703	550	-1172	-20776	19888	-26192	-150	3192	656	9056	17096	-11256	-370	6153	-374	-1152	14448	32767	2754	-1974	-1003	-17016	-5280	16072	2069	2271	284	-10744	-15688	11216	1848	-1761	-837	83	105	2
-32768	-4284	-9668	2726	4323	502	-5008	-6496	8256	-801	3718	1218	-6656	13200	-32768	-1604	3533	291	-4072	22888	31056	3040	-3797	-490	-20016	3472	12840	3147	1481	503	-18992	-5080	8672	2753	-1989	-999	147	99	2
10016	21308	32767	4657	4476	9376	8872	-32768	-1672	-2679	4734	1313	-32768	-32768	32767	-179	-3996	-254	-6752	29072	32767	1763	-4416	-360	-25880	6176	4656	3199	481	757	-32768	23616	-2848	2626	-1834	-854	240	199	2
-32768	-19348	32767	8894	2663	9516	-32768	-32768	32767	-5317	11050	-455	-32768	29056	-32768	5837	1242	-1075	-9096	32767	32767	-149	-5041	1082	-32768	12128	-6680	991	-1075	1056	-32768	20488	-12608	-76	-2415	-16	167	81	2
-32768	-26740	-1160	-418	1628	-215	-8960	11248	-20520	-6582	6380	1003	32767	32767	-32768	-1797	2854	-2118	-12664	12344	24376	-835	-6032	2609	-24032	1104	-5640	-467	-2958	906	-32768	11936	-11440	-2372	-3786	400	186	18	2
-4644	1628	15912	697	592	1393	-12600	11072	-24576	-3157	3674	-1007	2464	32767	-32768	-5686	681	2923	-10344	5432	15496	644	-5611	3031	-25752	2632	-12984	-1085	-3798	834	-32768	7752	-17128	-2903	-4244	-419	98	114	2
-6360	-13460	14180	-28	916	-257	-21688	-32768	-21168	-2172	1665	932	-32768	-32768	-32768	-7976	5036	5941	-24504	11368	19416	1255	-5317	2917	-25696	-2112	-20440	-775	-5127	991	-32768	2104	-17696	-2507	-3892	-722	85	164	2
-9164	-776	18496	358	1249	867	-32768	-15776	-12112	-1542	1183	1421	-32768	9520	-20560	3754	3274	779	-26072	10176	19944	869	-5885	3147	-20280	-496	-19184	-247	-6036	1438	-32768	-88	-23208	143	-3621	-946	94	179	2
-10812	-13660	21848	-23	2442	1376	-32336	-24848	-4608	-287	447	1468	-32768	-6816	-3192	457	4063	2767	-24976	7576	17504	1202	-5881	3267	-20048	-1520	-18248	-195	-6545	1635	-22760	8136	-24752	162	-4314	-117	90	174	2
-7516	-15960	32268	346	4552	1917	-32768	-32768	9552	-641	-43	1804	-32768	-3168	9240	324	4573	1827	-24544	5936	14832	1849	-5463	3224	-19920	-2704	-20400	129	-6884	1794	-1952	11136	-24720	-1705	-3397	-270	114	126	2
-5784	-22040	29792	122	6195	3035	-32768	-32768	29616	-348	919	2757	-32768	-6056	32767	319	4720	1409	-32768	8112	14488	2030	-4876	3274	-19464	-1264	-26792	135	-6821	2154	11376	-1208	-15616	-1570	-963	226	95	167	2
-232	-18848	23048	-194	7948	5278	-31224	-32768	32767	-465	873	1700	-32768	-9248	32767	870	3582	799	-32768	2856	7304	1914	-3665	3513	-21304	-2056	-32648	-928	-6345	2284	12536	256	-8424	-99	619	-128	106	184	2
-13168	-20344	24696	104	8630	6258	5256	-16944	29072	-1634	424	1342	-8520	-7592	32767	644	1315	490	-32768	-3592	5248	2011	-1776	4125	-22608	-11512	-32768	-2004	-5537	1422	1768	6584	-1888	-173	151	-335	75	176	2
-22288	-17988	22148	-1305	8399	5611	8440	-13984	17400	-1230	1136	1657	-8400	-16192	25352	-183	428	623	-32768	-8968	-5080	1224	-943	4946	-11768	-8840	-32768	-980	-3792	869	-6168	10888	5504	-87	-1218	-506	89	166	2
-31452	-29060	32767	-1192	5919	4648	-12176	-20024	10792	-1522	1994	2273	-7544	-20912	20032	1164	-755	-178	-32768	-18480	-21824	-1097	-816	3905	-1216	6168	-32768	-1972	-1879	81	-5144	3672	6816	1076	-2025	-702	89	146	2
-32768	-22784	27528	1537	2671	3281	-20984	-17440	2512	-1861	2407	2088	-5928	-3944	15856	1888	-1155	-132	-32768	-20032	-31904	-2763	-518	957	3336	832	-32768	-2480	147	-143	-1152	1456	8344	513	-508	-6	96	120	2
-14812	-32768	31460	1914	-1644	96	-5264	-27096	23984	-254	3603	1542	-11088	5912	7296	1878	-1478	140	-32768	-17568	-23960	-2357	210	-690	3392	-8072	-32768	-2263	1593	45	4520	-4408	6824	-1323	1864	700	92	134	2
7852	-15172	30956	1967	-1354	312	-8840	-11192	27608	1105	3702	687	-7672	6592	10944	1377	-2317	-2	-32768	-13008	-13952	-239	779	-172	-2080	-14960	-31424	-1112	2591	-41	8312	-13704	-4128	-3267	4381	1743	92	151	2
6620	-9528	28124	-349	-950	41	-13496	-2968	22288	-255	2040	794	-8072	9592	10056	557	-2664	25	-18456	-7712	-8152	1131	1362	859	-1728	-13376	-16608	162	2849	5	9128	-7704	-29768	1637	4114	1364	103	164	2
-1212	-17056	27024	-1674	-1580	-400	-10928	-11584	14408	-1567	462	571	-14336	3792	7856	-363	-2905	335	22296	-19800	-17832	859	3385	1041	5520	-9736	6704	121	2412	-189	2712	-176	-32768	4333	2737	301	106	145	2
-8980	-20380	23192	-758	-2657	-697	-13152	-13368	8832	-2199	-713	348	-16720	5712	10896	-192	-2980	-71	-32768	-31200	-32768	1612	5715	-3744	20944	32767	-32768	-367	2132	251	1296	440	32767	-1485	-824	-66	117	165	2
-5208	-8440	16900	-378	-3321	-839	-13808	-11648	3528	-1335	-827	-169	-30408	-6352	-1368	-224	-2767	-313	32767	-32768	32767	-6165	-4125	-5457	-32768	-32768	-32768	-7386	16932	9391	-32768	32767	-32768	3043	5752	-1719	125	24	2
-6568	-15456	23480	-953	-3097	-1229	-26016	-22064	-152	-60	-1113	-496	-32768	-12776	-11904	-227	-1783	-641	24664	-32768	32767	-26	998	-1675	6920	32767	-31128	9236	4656	6161	-6560	-32768	-32768	-1350	3180	3241	167	46	2
-16660	-28164	19084	382	-3352	-2310	-32160	-32768	-9504	1920	-1684	-757	-32768	-1336	-16104	1199	-3597	-1658	-14200	-16896	15128	377	785	-415	8672	-11024	-2176	-4539	4949	677	32767	-32768	-32768	4339	3509	2406	145	74	2
-22688	-18384	17584	659	-3919	-3457	-20128	-13064	-12024	3805	-2548	-1796	-32768	-3432	-13664	1232	-4505	-1472	-7552	22392	14744	887	1326	-232	-32768	13144	-32768	1523	2954	1266	-32768	32767	-32768	8412	2261	-3108	152	90	2
-21232	-12936	12564	-617	-4317	-4059	-21224	-13944	-13488	3539	-3493	-1855	-30656	6936	-18248	312	-3838	-1185	-15544	21592	14928	817	2737	-192	-31864	31040	-22240	2657	1739	237	-32768	32767	-17520	-2131	3195	413	189	253	2
-22280	-8900	9884	-1154	-4721	-3881	-15728	-8424	-12864	2742	-4629	-2204	-12912	9264	-19208	-1759	-3521	-1018	-5288	6144	27128	765	4937	-1676	-32768	12272	-8632	992	1115	-693	-32768	-7008	-2448	-3271	4673	-103	189	164	2
-21608	-7144	10140	-1898	-5065	-3305	-14760	-6888	-12408	1980	-5552	-2651	-5448	-1736	-16384	-1918	-1821	-472	1352	1632	31720	654	7230	-2110	-32768	-3136	13328	-179	654	-276	-32768	-6152	12712	-2481	4282	503	80	57	2
-21484	-6956	12104	-2319	-5105	-3141	-19048	-5848	-13696	1819	-6042	-3037	-6936	-2752	-21960	-1180	-373	-366	824	3856	17224	1237	9016	-3113	-32768	624	19976	905	563	-47	-32768	-17424	32767	-1364	2606	1668	98	23	2
-31904	-5096	10184	-3000	-5088	-3319	-25352	-3136	-19456	1651	-6165	-3410	-3520	8016	-20584	296	9	-220	-25656	16064	18944	1671	9950	-3348	-21976	824	25792	1873	739	498	-19376	-15160	32767	381	1879	1443	75	74	2
-32768	2208	6856	-3784	-4058	-3959	-29672	-2360	-24472	1389	-5855	-3338	4744	6496	-14928	583	-511	-211	-26152	16248	32767	2555	9110	-3380	-9544	9128	27520	2335	1501	-35	-10032	-11736	32767	1724	1260	-34	73	98	2
-32768	3384	-1544	-3792	-2670	-4561	-28832	3800	-32768	1382	-4928	-3080	4424	2224	-10160	537	-221	-243	-32768	8072	32767	4079	7888	-3095	-15448	10256	17680	1429	2244	-520	-17064	1992	24152	1555	-1093	-298	50	206	2
-32768	15492	-10892	-2413	-1318	-4643	-29160	7376	-32768	1660	-3169	-2589	3936	-1336	952	-59	-291	-192	12560	32767	25872	2830	5612	-2688	-22264	7160	9752	1013	2865	-400	-12024	3008	23448	232	-1697	-14	65	182	2
-32768	29460	-18384	-1433	249	-4171	-26768	18400	-32768	1575	-1450	-1559	-2864	-2544	7976	-389	-1277	-391	-30080	32767	32767	534	2934	-1063	-23352	11616	6544	805	3874	-394	-7320	1944	16336	-765	-1467	38	75	161	2
-32768	26064	-26540	-80	644	-2858	-15952	15656	-32768	676	610	-419	-488	912	17504	-240	-1356	-821	-12504	22568	32767	-697	679	-521	-22304	6912	23720	-11	3152	-513	-7216	-7400	6760	-366	-1970	-385	90	155	2
-32768	29628	-26352	199	946	-1184	-22016	18168	-32768	-73	2209	232	4272	5776	25216	-936	1514	-416	-6416	10320	32767	394	312	-1176	-21408	-6168	21464	122	3062	-211	-3712	-14872	14712	-151	-1922	-334	85	156	2
-32768	25576	-18228	-1125	2575	-310	-23056	20600	-19352	-977	3192	976	6528	5928	26200	-901	2612	-257	-13456	13848	32767	1782	-751	-696	-25456	-5648	14896	1723	2734	-304	-11680	-11120	19840	1290	-1974	-632	56	139	2
-11820	32767	-32768	1235	6894	3445	-21032	11544	-32768	278	3599	1146	-15176	11248	3080	411	990	582	-23128	21472	32767	1509	-2048	-368	-32768	2096	5416	2107	2350	-264	-29176	8512	11200	1549	-2130	-631	69	115	2
-32768	-32768	-32768	9466	-530	9911	-12520	-32768	-32768	-957	4797	-662	-32768	-32768	4712	-761	2186	-581	-20976	23128	32767	86	-2652	-200	-32768	3408	-2584	1269	1264	-400	-32768	19816	-12720	256	-1498	-512	37	150	2
-32768	32767	32767	990	1636	4794	-32768	32767	-32768	4063	7821	5022	-32768	32767	-28264	5505	1365	-1758	-12624	25840	31800	-1526	-2994	796	-32768	3136	-9448	-334	-450	-92	-32768	18288	-16776	-176	-1437	-355	145	82	2
-23040	-26776	4432	123	1569	-414	18880	-23040	-32768	-2891	4591	1506	32767	32767	-29464	-2807	1488	797	-17616	18480	26680	-2153	-4275	1870	-15896	3960	-15752	-1344	-2397	-441	-32768	15064	-17432	-2577	-3955	-907	136	100	2
-11532	4688	19200	806	344	588	-32768	1440	-7232	-2399	2093	371	-32768	-10000	-22680	-5716	964	4131	-16776	9000	15464	-1466	-5865	2510	-18360	6176	-16448	-2305	-4071	-587	-32768	4432	-21824	-1533	-4211	-999	161	94	2
-12376	-11888	13480	-33	1251	525	-31080	-21536	-9800	-3250	1046	929	-32768	-32768	-32768	524	3883	1334	-18688	10744	6240	-883	-6621	2369	-12712	2352	-14704	-1012	-5451	-486	-31008	9000	-30384	406	-4071	-913	175	133	2
-14308	-13692	17400	-205	2578	854	-22272	-31320	-8056	-848	877	1527	-32768	11176	-8856	1097	4160	1738	-21888	12104	6688	-402	-6918	2259	-8512	3792	-17176	235	-6261	-204	-18064	19272	-32768	396	-3695	-906	167	128	2
-8328	-10224	32767	211	4329	2081	-32768	-28280	6648	-199	215	1154	-32768	-13720	6480	-809	4385	3038	-23088	13968	5696	58	-7149	2774	-9224	4544	-17728	224	-6833	80	-5952	17704	-29408	-2613	-3490	-898	116	190	2
-8712	-16400	31840	-14	6053	2952	-32768	-32768	26800	-1292	1293	2347	-32768	-3328	21360	35	4257	1645	-25632	8928	1632	484	-6811	3369	-6696	1608	-20120	160	-7393	385	11616	-2016	-22640	-3527	-2288	-770	102	162	2
-1640	-16460	23724	-905	7285	4456	-32224	-32768	27928	-922	1032	1605	-32768	-8256	32767	-353	4516	1971	-32768	7408	-1616	858	-6027	3591	-6720	4408	-23352	214	-7240	897	15040	-5544	-18784	-1842	-73	-337	125	117	2
-4716	-16424	21536	-668	7724	4698	-7776	-23472	25112	-1732	-8	1456	-21400	-21016	32416	-214	3050	1337	-32768	7264	-5552	765	-4823	3614	-12072	4800	-31344	-936	-6468	1330	12040	-3600	-13472	-619	877	-396	94	144	2
-28744	-22372	17284	-943	7918	5209	12144	-19640	11424	-1379	462	1442	-4808	-19160	31184	1521	1599	653	-32768	-1536	-5912	975	-3622	3757	-15680	1976	-32768	-1839	-5553	1192	6592	-1640	-2232	360	222	-652	166	0	2
-30688	-9648	23048	-1141	5740	4863	-3312	-17808	7928	-1011	1968	1793	-5272	-18624	26400	2108	-449	-75	-32768	-5384	-10720	1495	-2476	4299	-20672	-4736	-32768	-1566	-4409	709	-2752	7368	6536	1066	-682	-675	175	17	2
-32768	-2100	-2548	-819	4735	5988	-9320	-11024	3320	-1422	2704	2054	-7216	-3520	20504	2148	-352	-508	-32768	-9368	-19216	759	-1539	4300	-6744	2224	-32768	-1028	-2821	41	-7944	7520	9296	1447	-1620	-211	118	98	2
-24128	-32768	25720	424	411	1991	-13744	-22952	13264	-1775	3656	2017	-1192	7608	16064	1210	-818	25	-32768	-9344	-31256	-1326	-1164	2598	1008	9352	-32768	-267	-937	-48	-7216	-1232	11456	935	-1016	103	124	56	2
-22788	-32768	25020	710	194	1698	-10976	-19784	19680	-545	3725	1177	-6944	1096	5680	39	-1071	506	-32768	-15920	-28240	-1284	-939	106	3728	1480	-32768	-191	810	442	-136	-7936	11032	-366	873	840	109	76	2
-2108	-13992	25720	1298	313	836	-13488	-12560	23200	-518	3514	1041	-8032	2080	11624	699	-2066	22	-32768	-21424	-26032	2252	-703	-389	1016	-12992	-29176	327	2083	527	8984	-9600	-5464	-823	4945	1435	145	56	2
-2728	-12040	26612	-140	732	766	-15128	-9072	18528	-1175	2511	970	-9824	9120	10736	759	-2530	-86	5136	-22552	-32480	3672	1768	-560	3608	-20040	-7256	1644	2088	640	16280	-9040	-32768	4688	5623	751	153	57	2
-8312	-15432	26076	-1024	254	539	-16536	-13176	12664	-2064	1465	601	-16720	9920	10520	206	-2633	56	-32768	-32768	-16760	-4375	5686	-6032	12512	32767	-32768	4842	3080	561	-17864	-11352	32767	-1511	-2995	452	152	129	2
-11696	-16264	27988	-1224	-511	266	-15752	-11352	4824	-2358	275	203	-32768	-7208	-344	-1357	-2352	-54	32767	-32768	32767	-5008	-1581	-8193	-32768	-32768	32767	3726	18218	2368	-32768	32767	-32768	5348	6876	-579	157	108	2
-17940	-25120	32767	-1158	-1442	-924	-32768	-32768	3288	-1621	-603	335	-32768	-10016	-4528	-327	-1904	-947	-5184	-32768	18744	319	1046	-1188	4648	21208	-32768	4346	5058	4133	1096	-32768	-32768	1239	3231	3225	69	231	2
-16776	-28892	27572	511	-2760	-2033	-32768	-26904	-2048	1382	-706	-731	-32768	-6440	-6696	545	-2218	-1263	1944	1728	21672	657	1335	164	2656	25288	-136	-1690	3588	637	32767	-7512	-32768	4365	2577	1015	108	193	2
-13360	-14040	21052	-19	-3372	-3148	-17024	-11360	-6432	2908	-1647	-1861	-32768	4640	-11520	2010	-4376	-1560	-8456	9872	16416	745	1704	-525	-28320	11536	-32768	691	3517	559	-32768	32767	-32768	4455	4420	-2291	98	198	2
-15828	-9076	17100	-1274	-3997	-4116	-19808	-7000	-9760	3242	-2913	-2034	-32768	9776	-17056	-218	-3678	-875	-15464	16080	17672	950	2885	-487	-32768	19192	-19848	1602	1957	-467	-26376	32767	-12160	-3553	3169	-302	137	253	2
-16124	-9696	16988	-1412	-4139	-4268	-17184	-5864	-9008	2262	-4747	-2262	-22096	5256	-21240	-1773	-3625	-519	-8384	12096	27568	692	5306	-1418	-32768	7192	-6080	834	1788	-810	-32768	-11720	-5464	-3132	4578	-1057	105	254	2
-22248	-5476	14852	-2074	-5524	-4481	-16640	-5552	-7256	1759	-5867	-2669	-12088	-3688	-19120	-2053	-3025	-205	3592	5152	26144	783	7069	-2170	-32768	-5632	10264	200	353	-264	-32768	-16128	8072	-2424	4123	332	114	0	2
-19372	-3336	14468	-2251	-5852	-4297	-17408	-5320	-6320	1829	-6216	-2894	-11616	3616	-21304	-652	-2063	-415	-4680	2720	23608	1443	8894	-3225	-32768	-3000	17392	1535	286	151	-32768	-13248	27256	-27	3609	1592	136	0	2
-21544	-1020	14156	-2549	-6092	-3980	-19312	-1592	-9848	1763	-6437	-3040	-504	1040	-26328	230	-1194	-707	-21040	14560	27312	1394	9736	-3348	-32192	6424	20088	1577	436	771	-24032	-2784	32767	969	2899	2426	114	1	2
-28732	-3544	11100	-2534	-6096	-3982	-20616	-1192	-15752	1514	-6526	-3367	12976	8368	-25552	579	-755	-589	-32768	18752	28920	2186	8468	-3316	-2904	13920	24288	1817	940	312	5664	-4824	32767	1252	589	475	82	45	2
-32768	-4936	2744	-2257	-5584	-4612	-21072	3240	-24656	2199	-5860	-3641	11776	7040	-23280	282	-216	-378	-32768	6000	24448	2891	6555	-3574	-12136	16128	10808	811	2408	-541	-20448	2224	32767	862	-384	78	98	66	2
-32768	920	-5444	-1714	-3592	-6099	-28296	4008	-32680	3037	-4984	-3798	13520	7032	-15304	-58	-297	370	-20520	16496	-8152	2704	6591	-4304	-15568	9696	13416	-94	3210	-313	-13504	-496	26136	-427	-606	644	102	118	2
-32768	15380	-13528	-1808	-1527	-6414	-32768	1912	-32768	3094	-3710	-3293	3056	-136	-3928	-593	-1685	-292	-20936	29344	31968	39	3096	-1527	-25448	10304	9232	119	3902	-68	-7520	-4680	18280	-1103	-1453	639	110	118	2
-32768	27888	-22516	-2331	453	-5509	-32768	18640	-32768	2533	-2113	-2053	-8248	-4224	12808	40	-2304	-732	-14952	16288	32767	-490	1571	-674	-23416	3352	25512	198	3798	-276	-3664	-672	14336	-1162	-1390	538	104	131	2
-32768	16216	-29132	-915	1196	-4074	-23272	18456	-32768	172	-876	-639	-6232	1344	24088	809	-1522	-1256	-1144	13736	32767	794	1615	-1106	-20536	-4568	25872	731	3522	-192	-2720	-12096	11144	-47	-2107	-431	111	139	2
-32768	32767	-32768	-89	704	-1735	-13752	15672	-32768	-814	948	210	-5480	7360	29568	-1021	1005	-476	-10048	17784	32767	1859	677	-575	-20464	-6288	15944	1295	3041	-143	-9632	-14656	11488	830	-1740	-599	104	136	2
-32768	26196	-22308	-756	1825	418	-17064	18272	-22336	-843	3119	1159	13584	13264	-32768	-2929	8400	361	-12904	22504	32767	1747	-1435	357	-24824	-1048	11656	2234	2483	-140	-19112	-1352	6536	1898	-1966	-727	56	128	2
-32768	32767	-32768	-565	5725	4029	-12096	3816	-25128	-382	3365	2156	-9592	5392	32767	590	-1169	942	-14360	20288	32767	628	-2849	620	-25448	2392	3240	1764	1708	154	-32696	7984	3688	1029	-2577	-494	176	104	2
-32768	-32768	2412	12883	-4679	6747	-32768	-32768	-32768	-14054	8025	1112	-32768	8728	-32768	878	6072	-1770	-10816	19584	32767	60	-3717	1056	-32768	1840	-6152	1590	0	241	-32768	16888	-18984	988	-810	-543	124	70	2
-32768	32767	-72	5393	2610	1904	-32768	32767	-32768	-2756	7842	-176	-26080	32767	-31664	607	1388	-1610	-19080	19600	26840	-847	-4726	1556	-26168	9656	-12896	-458	-1951	379	-32768	15760	-11592	-1359	-3214	-89	153	0	2
-2548	-19048	25820	62	1075	294	2656	-29168	-21976	-1285	5360	1441	20240	32767	-25160	-283	1341	1184	-20552	14776	19976	-897	-5848	2213	-22272	4160	-16064	-1984	-2875	164	-32768	14904	-20664	-2476	-4051	-561	150	15	2
-9616	-296	20748	-53	1469	86	-32768	-5216	-9536	-1786	1944	1247	-32768	-16544	-28736	-5296	2820	4107	-21344	9352	13152	-564	-5919	2486	-24440	4688	-17088	-2151	-3194	134	-32768	-3216	-23864	-1088	-4079	-673	175	0	2
-13800	-11996	12352	-151	2077	719	-28024	-23592	-11408	-3590	1097	1594	-32768	-12392	-32768	2245	3049	1166	-24096	9080	10800	48	-6143	2682	-12952	832	-19648	242	-5657	346	-25352	4224	-26408	634	-3993	-642	176	108	2
-12168	-10448	20460	-415	2815	1312	-26776	-26624	-5728	-393	1323	1378	-32768	-1128	-5272	1143	4074	2556	-24952	10672	11072	572	-6353	2920	-12952	3328	-18456	796	-6428	588	-28648	20576	7408	774	-3426	-418	165	119	2
-8180	-14248	28224	71	4830	2091	-32768	-31376	5608	-288	976	1522	-32768	1032	5160	586	4212	2512	-25064	11392	9824	852	-6426	2899	-15520	3880	-19104	624	-6878	1030	-5216	14648	-25416	-1299	-3658	-604	173	91	2
-5788	-11156	29144	-270	6315	3038	-32768	-32768	23832	-1484	1717	2123	-32768	-1584	19272	-461	4192	1878	-28464	10240	7080	1074	-6046	2955	-14744	2832	-21464	254	-7108	1544	3344	-272	-19368	-2683	-1865	-535	156	113	2
-960	-13068	22008	-947	7756	4336	-32768	-32768	29536	-1380	1474	1957	-32768	-16248	29592	-1171	4224	1792	-32768	10400	5192	1461	-5150	3453	-14224	2544	-26456	-821	-6643	1791	13176	-8248	-16368	-1919	-1132	-163	74	185	2
-15660	-20592	26368	-220	8914	5024	-4344	-25656	29384	-1864	252	1784	-12224	-22792	32767	-341	3242	776	-32768	6856	1656	1272	-3930	4293	-18072	-8	-32768	-2275	-5983	1796	10400	-832	-7952	-93	8	-333	89	178	2
-32768	-24536	24056	-633	8521	5305	15448	-17840	10824	-943	618	1710	1200	-17288	26728	588	1430	554	-32768	-2936	-5608	882	-2461	5032	-17848	-6928	-32768	-2519	-5275	1109	1672	7768	-5984	337	-22	-514	72	174	2
-32768	-16832	30668	-670	6660	4548	-3584	-21488	10224	-9	2304	1891	-7712	-16432	22720	2188	-370	-201	-32768	-10008	-13832	544	-1307	5227	-9408	-5432	-32768	-1414	-3981	585	-5512	9288	1552	508	-1428	-736	94	150	2
32767	-30732	10188	-885	5116	3800	-1896	-12584	11928	-31	2581	1793	-11528	-3888	20320	2774	-560	-409	-32768	-20240	-23664	209	-740	4216	-1696	256	-32768	-825	-2268	111	-5520	2320	5360	1233	-2071	-808	100	123	2
-24784	-32052	30776	903	801	831	-17312	-21848	9992	-554	3308	1706	-7696	6848	20248	2137	-1346	143	-32768	-18528	-30008	-61	-925	1959	3264	2328	-32768	-259	-467	131	-1320	-608	11168	342	-619	207	107	110	2
-15720	-22496	27476	2202	-537	482	-12312	-19816	20544	244	3508	771	-11768	8184	13336	1550	-1801	236	-32768	-19312	-25792	425	-871	-81	3992	-7760	-32768	25	1165	439	7648	-10712	14104	-1406	2843	864	114	105	2
-9440	-6396	29436	1010	-681	849	-20280	-9248	22200	51	3331	674	-9944	11968	17848	841	-2649	37	-32408	-13816	-17264	2094	-181	150	152	-18512	-27752	244	2209	285	17832	-9816	-21336	787	5487	1686	116	112	2
-13840	-7612	28184	-968	-1107	868	-22384	-8584	16200	-1589	2125	907	-15984	10432	11072	-166	-2857	313	32767	-32768	-32768	139	3615	-3144	10304	-12208	-27368	1002	2697	478	-3008	-2240	-24224	4190	2659	932	177	47	2
-16772	-15536	26228	-1585	-1807	977	-21800	-14616	9880	-3126	738	597	-22400	4592	9360	-529	-3232	304	-32768	32767	-32768	-11540	-965	-3143	-32768	32767	-32768	-11540	7117	728	-19496	-28792	29192	-1715	-1419	-581	178	118	2
-16524	-15800	29436	-1303	-2372	905	-23128	-15880	2512	-2848	-607	234	-32768	-13688	208	-1220	-2763	-147	-32768	32767	-16288	-729	-1217	-913	-7000	-32768	-32768	3990	8428	-5926	-32768	32767	-32768	3692	3934	-1850	171	45	2
-16220	-23368	26984	-353	-2646	-361	-32768	-28800	320	-1315	-1136	294	-32768	-5576	-8272	459	-3045	-1185	-5416	19424	16840	-16	938	217	10632	32767	-22536	2300	5914	795	15264	-32768	-24984	-284	2666	2399	130	125	2
-12484	-19824	22104	395	-3280	-1895	-21296	-15640	-5672	1594	-1321	-1077	-32768	1456	-15136	1550	-4211	-1524	-4504	-3760	19344	491	667	-11	-13816	-6280	-32768	-1751	4123	105	3776	-12576	-31960	3336	2358	-875	112	92	2
-13548	-11364	17332	-121	-4167	-3389	-15560	-8568	-12216	3032	-2338	-1823	-32768	5856	-19768	956	-4303	-1101	-8912	2672	17216	447	1369	-596	-27848	-992	-30960	621	2724	485	-32768	32767	-32768	2556	4867	-1730	134	64	2
-16668	-7340	12304	-1219	-5118	-4254	-16856	-7960	-12416	3164	-2511	-1893	-32768	7496	-25536	-322	-4194	-901	-7240	14080	21040	468	2684	-688	-32256	18016	-15616	1535	1709	-398	-31672	24672	-10512	-2137	4420	-51	81	253	2
-21880	-7664	10464	-1685	-5837	-4239	-10968	-3584	-10800	2367	-5351	-2414	-11944	5080	-24712	-1697	-4190	-666	-3208	10248	29600	620	5365	-1488	-32768	2424	-9008	951	1252	-988	-32768	5416	-3944	-1815	4618	-534	85	154	2
-19864	-3252	10676	-2229	-6332	-3892	-11784	-3264	-8680	1962	-6242	-2976	-7488	-3712	-22480	-2088	-2911	49	2552	7440	29896	630	7504	-2079	-32768	-560	13152	135	136	-545	-32768	-9960	12376	-2388	4766	1293	102	0	2
-22324	-3720	12668	-2676	-6621	-3724	-17736	-4248	-9704	1667	-6709	-3082	-7672	-7544	-23816	-756	-1275	-270	-1808	7592	17696	875	9383	-3526	-32768	3928	17992	407	-11	-59	-32768	-15552	30472	-719	3736	1813	114	0	2
-28540	-4228	11200	-2745	-6688	-3751	-19656	-3416	-15352	1539	-6905	-3348	7248	7224	-22712	-220	-185	-18	-31952	16520	21920	1422	10118	-3963	-19304	-6184	29008	1063	-229	339	-23128	-11472	32767	199	2289	1619	67	0	2
-32768	-2272	8016	-2710	-6292	-3897	-23936	-3552	-20608	1627	-6619	-3779	9944	7856	-21576	52	-18	-166	-26464	12504	23536	2520	9338	-3656	-4096	10024	23704	2296	962	-140	-7064	856	32767	1274	1020	-115	69	29	2
-32768	-1864	-1564	-2953	-5091	-4311	-28712	-128	-27608	1901	-5614	-3764	7272	8520	-16088	-230	-193	-4	-32768	14832	25912	3438	7405	-3451	-16600	12696	5640	1024	2374	-570	-15224	6992	28784	212	-30	-1057	94	111	2
-32768	8464	-7600	-2992	-2498	-5352	-32768	4368	-32768	2105	-4663	-3647	7224	2136	-5080	-129	-579	174	-17968	12992	-12848	1459	7355	-3995	-16064	13352	7512	-537	3007	-108	-13208	1680	27616	-1033	-837	367	105	133	2
-32768	24440	-13196	-3395	111	-5817	-32768	11120	-32768	1997	-2986	-2731	-5736	-6016	5456	-708	-1790	-486	-25208	24544	28368	-1739	3198	-511	-24504	11688	4888	-1359	4231	-152	-7784	-2648	18872	-2108	-1281	66	94	139	2
-32768	25900	-21864	-2738	1798	-5021	-24416	21528	-32768	842	-1504	-882	-6656	-7568	19080	-382	-1925	-943	-22896	4096	31616	-1402	1544	-388	-26336	-1736	19552	-943	4188	-432	-6480	-6544	7904	-448	-1281	-274	89	151	2
-32768	20092	-29624	279	1132	-2641	-16456	12880	-32768	20	402	-49	4440	1928	23480	-739	461	-942	-4816	776	32767	955	1439	-1484	-25960	-10088	23352	860	3813	-321	-9472	-20000	3968	-627	-1733	-313	130	129	2
-32768	32767	-22332	120	909	-369	-19072	23208	-32768	-390	2480	546	7784	9960	17176	-1253	5682	324	-12712	11576	32767	2626	1133	-2350	-21808	-5976	15328	2577	3517	-316	-8192	-17464	11648	1120	-1816	-537	68	116	2
-20512	5956	4036	201	2278	734	-25408	6136	-13712	-1067	3640	1628	32	16752	-32768	-2824	4531	1426	-17904	24040	32767	2553	-477	-1935	-25896	2456	7120	2986	3168	-123	-20256	-5208	9000	2130	-1682	-706	153	124	2
-32768	-1384	-32540	1453	6603	7554	-11176	-3232	5528	-1403	3542	1676	-30280	-2504	32767	1428	-3326	613	-19192	30168	32767	874	-2172	-995	-28184	2496	984	2297	2370	108	-32768	14696	304	1784	-1961	-715	117	172	2
32767	3104	6052	11562	-3201	7475	-32768	-32768	32767	-10783	11965	-6102	-32768	-9208	-32768	1496	3244	-962	-7288	26832	32767	-775	-2890	433	-32768	3616	-1160	1108	475	267	-32768	20528	-12728	1034	-1874	-455	127	121	2
-15700	-32768	3968	798	1329	-786	-32768	968	23480	-7881	7046	2651	4560	32767	-32768	-491	2883	-1752	-9496	17488	29824	-1560	-3844	1411	-21920	8552	-1752	-491	-1916	418	-32768	16400	-15488	-2483	-3865	210	122	53	2
-12276	-8348	15044	590	1285	847	2784	5768	-25128	-1952	3831	453	11384	32767	-32768	-2560	1504	2604	-8632	9888	21352	-629	-4825	2735	-15824	3248	-13696	-2738	-2860	-59	-32768	9376	-14624	-3127	-4362	-754	160	49	2
-4672	-7556	20252	227	1056	190	-32768	-16960	-15928	-1688	1353	1180	-32768	-28104	-32768	-5558	2792	4880	-13776	8216	17136	-201	-5433	3256	-17776	2096	-12560	-2930	-3265	-117	-32768	2016	-25544	-989	-4029	-1210	120	157	2
-9324	-10456	17008	122	1734	945	-30848	-27520	-13992	-2593	1037	1818	-32768	-13928	-23840	2968	2810	885	-21784	6400	16048	74	-6352	3409	-11376	-2184	-14512	-236	-6113	98	-28200	6888	-29568	904	-3767	-1194	134	193	2
-6372	-19816	24660	303	3078	1625	-27104	-32768	-4240	-528	1105	1441	-32768	2536	-4880	1768	4105	2545	-26000	7016	16984	500	-7031	3666	-13568	816	-15232	393	-6893	148	-24920	7816	-31032	1089	-3731	-1018	126	178	2
-9484	-9728	28144	493	4872	2298	-32768	-29096	7088	-357	1155	1776	-32768	4712	6616	1269	4551	2254	-28024	6008	16024	726	-7535	3706	-14536	432	-15568	480	-7590	373	-2896	15520	-29136	-1806	-4051	-599	136	157	2
-11596	-8528	27028	-244	6414	3522	-32768	-32768	21456	-439	665	1856	-32768	2728	20064	-450	4307	1977	-29696	3760	10208	1127	-7620	3373	-11632	-872	-19904	978	-8064	885	10032	-2752	-24120	-3084	-1880	-373	127	141	2
-9596	-21492	24156	-203	7629	5069	-32480	-32768	26496	-1219	679	1737	-32768	-17312	32767	-1078	4529	1724	-32768	7584	6616	1362	-7106	3132	-10336	4880	-23392	583	-7791	1375	20872	-1352	-19128	-2118	166	-554	122	125	2
-17984	-20280	19400	104	8347	5534	5872	-26016	22840	-2412	648	1590	-12768	-19200	32767	-735	3110	970	-32768	9656	3672	1023	-5799	3404	-19344	1872	-31816	-1130	-7205	1660	15856	-80	-12080	-74	409	-350	113	134	2
-23120	-17744	11864	-758	8034	5527	11504	-14808	10440	-1582	744	1762	-1840	-21200	28112	318	1054	714	-32768	3640	-3192	544	-4119	4462	-28888	2608	-32768	-2748	-5970	1216	2032	7168	-3424	1136	-623	-883	104	120	2
-26988	-20188	21676	-1529	5643	4591	-5888	-20792	11136	-983	2085	2105	-6472	-18464	26896	1919	-523	-388	-32768	-6728	-16312	-71	-2499	5345	-16976	-4752	-32768	-2698	-4648	419	-9560	11512	9296	714	-2088	-779	92	164	2
-32768	-14200	17932	254	3969	4370	-18920	-15024	584	-1534	2808	2051	-7960	-5792	23424	1640	-614	-434	-32768	-17120	-32456	-999	-1352	4995	-3224	6488	-32768	-1887	-2333	-268	-9384	344	12440	308	-2163	-654	95	101	2
-26852	-32768	23484	1579	779	768	-9024	-32768	15552	-1110	3687	1905	-9800	-2744	14448	1139	-1257	123	-32768	-11592	-32768	-1837	-878	2294	5040	8872	-32768	-861	164	183	-2808	-3704	22648	-604	-165	-101	134	86	2
-26736	-32768	23480	1934	571	572	-13552	-25712	22840	671	4710	1036	-12448	-208	10496	1736	-2053	-146	-32768	-28912	-28184	649	-696	306	2816	-11000	-32768	-365	1864	407	11240	-9048	-5280	-1108	6304	1314	165	65	2
-4412	-11396	30448	1503	1326	571	-19152	-11264	25984	589	4406	1007	-8928	9488	15368	1866	-2890	-642	-8888	-32768	-19504	3833	4788	-1669	3720	-14592	-20752	890	2168	458	17656	-9336	-32768	4917	4936	1027	187	15	2
-14788	-14388	32404	-708	806	413	-19528	-12704	15192	-1041	2621	623	-21280	9704	11120	589	-2865	-304	-32768	-21744	32767	-8217	5562	-10026	7568	32767	-32768	793	4427	-434	-23768	-12144	32767	-5160	-6903	805	192	141	2
-21672	-20160	32767	-850	-536	296	-19664	-13672	13984	-1351	2362	612	-32768	-22640	-3552	-1729	-2518	-277	32767	-32768	32767	-1819	1807	-5854	-32768	-32768	32767	-15839	1590	-9468	-32768	25232	-22552	3397	3601	1411	181	103	2
-19692	-31256	32767	393	-2106	-766	-32768	-32768	2384	-1272	-473	449	-32768	-6280	-9952	977	-2921	-1922	-32768	5928	-1296	443	1155	-647	17712	23440	-32768	2291	3622	2444	27136	-27936	-32768	3276	2298	1773	174	89	2
-11484	-21560	29668	1495	-3457	-2088	-24184	-18248	-120	2315	-337	-732	-32768	-9264	-17944	2499	-3799	-2625	-1264	5104	17744	365	556	6	-16512	10720	-5256	-555	3124	-48	15072	8520	-32768	4077	1636	-340	159	134	2
-9332	-12012	20620	961	-4216	-3427	-14256	-9768	-7888	3849	-1861	-1348	-32768	11120	-19584	2668	-4593	-1790	-6840	12984	15808	600	1290	-292	-31112	4984	-23704	641	2810	566	-32768	32767	-32768	2663	6088	-650	155	76	2
-14572	-6744	17476	-132	-5180	-3972	-14280	-8808	-8520	4011	-2056	-1384	-32768	12496	-25792	24	-4177	-1152	-11384	13288	18296	775	2589	-365	-32768	13712	-11784	1170	1744	-334	-24712	18104	-12784	-2420	3949	-9	164	253	2
-21784	21496	22108	-1628	-5775	-3755	16352	-5976	-32768	3351	-67	-1443	-17664	8688	-24544	-1235	-4237	-657	-640	11136	28064	981	4743	-1240	-32768	4240	-5112	921	851	-493	-32768	1856	-6584	-1810	4556	-176	151	233	2
-24416	-4636	16300	-3285	-7204	-3669	-19848	-256	-11376	1837	-7964	-3042	-9208	4760	-22656	-1425	-2985	-59	-1704	9072	28752	1235	6489	-1793	-32768	-4296	12336	-138	-158	-436	-32768	-12048	9328	-1737	4305	1027	146	0	2
-26620	-5096	14100	-3615	-7395	-3534	-20040	-480	-11320	451	-9697	-2972	-5792	8688	-25360	-239	-1672	-73	-2520	5800	19960	1805	8633	-3132	-32768	304	20000	1137	-57	487	-32768	-16016	24120	426	3842	1941	119	0	2
-29580	-3700	9740	-3178	-7004	-4102	-21984	-2072	-14264	640	-8108	-3272	7864	7848	-26464	-97	-1055	27	-18480	8288	25648	1958	9942	-3783	-28656	-3312	26808	1994	-493	728	-19416	-1320	32767	1750	2353	1605	103	14	2
-32768	-1012	7872	-2193	-5821	-4607	-23392	-4736	-24360	2380	-6371	-4504	17624	5408	-24688	387	-619	-378	-32768	21568	28656	3481	8748	-3225	3024	16888	22520	3209	633	125	-10560	-10536	32767	1588	889	10	114	43	2
-32768	7840	1592	-1890	-4920	-4979	-32672	2384	-32768	3461	-4973	-4428	11880	6600	-16768	349	-203	39	-32768	2872	26480	5274	6319	-3219	-9184	10888	12808	1824	2523	-468	-14592	1776	30848	968	56	35	119	120	2
-32768	16272	-5440	-1902	-4106	-5311	-32768	4200	-32768	3127	-4384	-3324	6744	-1912	-6616	-39	-625	-34	32767	12320	7464	4392	4865	-3502	-16256	9016	15672	1317	3273	-508	-12440	1512	25480	219	-507	316	120	134	2
-32768	30008	-17696	-1055	-2928	-4953	-32768	11576	-32768	2874	-2896	-2513	-4096	-8600	4728	-639	-1643	-595	-17600	32767	32767	709	2016	-1806	-22832	10704	10792	908	3661	-330	-12712	2008	25752	169	-677	386	119	143	2
-32768	31960	-32108	886	-1913	-2905	-17096	14296	-32768	1353	-988	-907	-5480	-5520	15904	290	-1536	-1110	-11616	22896	32767	-1464	308	-943	-19360	8384	25712	265	3527	-503	-5128	3568	4888	1473	-950	-482	109	141	2
-32768	28144	-32212	1753	-1175	-171	-19864	14624	-32768	519	1065	-186	-576	-2192	18856	-52	442	-911	4288	16696	32767	-739	-290	-967	-15928	-2320	25936	-106	3096	-455	-3864	-8568	12088	-708	-2018	-288	105	130	2
-32768	32767	-25388	-1183	-256	-337	-21632	20520	-32768	-910	2337	846	-4312	12808	17688	-227	2447	66	-496	14072	32767	904	-1558	-491	-15936	-4360	19584	1128	2393	-391	-4016	-8920	11376	-556	-1840	-589	94	121	2
-30856	5592	-18284	-1262	2153	-737	-16592	8592	-20424	-1756	2897	1634	6104	18768	-32768	-1504	5989	1143	64	16272	32767	1868	-3185	-59	-19328	2472	17992	2614	1521	-298	-12112	-4520	8864	931	-2172	-863	85	120	2
9040	32767	-29408	1645	5085	3181	-504	-17128	-28248	-846	3211	1164	-3640	6040	18704	-361	983	1014	-4320	22016	30288	985	-3948	-425	-23216	7304	11600	2386	1235	-122	-20536	3248	12320	1248	-2326	-770	71	119	2
-32768	-32768	32564	12384	1085	8461	-32768	-32768	-32768	2375	4314	-2250	-32768	-32768	32767	843	3118	-1913	-6720	22640	30808	803	-4051	-485	-24208	7568	8688	2226	1217	-107	-32768	22416	-6808	1457	-797	-964	214	182	2
-18512	32767	32767	-828	2511	2030	3816	20176	-32768	2195	5608	6733	-32768	32767	-25648	7266	635	-2064	-13920	31968	26760	-1825	-4886	1343	-32768	3552	-6496	-968	-1563	-158	-32768	17752	-15208	-2354	-3255	137	203	40	2
-25888	-32768	-6236	-801	2019	-343	32767	-4848	-32768	-3595	4157	1800	32767	32767	-32768	-6125	1504	1181	-18664	16288	25496	-1216	-4481	2298	-30944	6352	-14960	-1469	-2870	-216	-32768	9432	-17408	-3363	-4396	-381	151	3	2
-11432	-6576	20932	-687	766	138	-32768	-7328	-48	-1229	2050	-852	-32768	-11200	-31480	-8129	410	5594	-21400	15976	21480	66	-4435	2730	-32768	5472	-20424	-1332	-4225	-32	-32768	3984	-13304	-1826	-4753	-895	63	125	2
-9156	-10056	13816	-306	1092	679	-30880	-13696	-8240	-3896	1446	715	-32768	-32768	-32768	2767	2528	577	-29128	18192	16704	247	-5091	2752	-20664	8736	-21928	-486	-5130	454	-31816	-3288	-19752	344	-3014	-804	85	138	2
-15636	-18420	15756	-334	2352	824	-22008	-27616	-7080	-1728	948	1174	-32768	712	-17184	1636	4583	1778	-28448	16152	14984	247	-5435	2754	-20592	4992	-20712	-519	-5873	824	-20784	8072	-17176	1050	-4063	-233	95	189	2
-9996	-13368	29712	250	4695	1687	-32768	-32768	-2520	327	452	1153	-32768	-15344	-584	558	4311	2099	-25248	14720	11576	574	-5399	2966	-18456	3440	-20656	-494	-6334	1255	-20008	15304	-28824	-529	-2606	-306	96	206	2
-10764	-14672	31976	335	6124	2701	-32768	-32768	19688	-415	851	1686	-32768	6200	15176	987	4670	1722	-27368	9144	8272	1353	-4927	3224	-16512	1040	-23232	-423	-6564	1556	-1888	5568	-24896	-2818	-2848	-609	100	203	2
-2048	-17712	23620	-619	7111	3837	-32768	-32768	24136	-825	1342	1153	-32768	-12592	32767	-1264	5047	1808	-32768	6280	4008	1976	-4194	3563	-14344	904	-27272	-605	-6290	1779	14088	-10896	-16864	-1960	-1488	258	102	204	2
-24296	-20684	15668	-247	9099	5353	-7024	-21440	30976	-2249	92	1001	-23144	-18704	32767	-342	3501	743	-32768	2704	1432	1914	-2833	3918	-14464	-1976	-32768	-1772	-5770	1841	14264	488	-7792	-596	-323	-299	101	161	2
-16612	-23912	27868	0	8789	5506	15424	-16936	19888	-2465	37	1121	-3264	-12144	32767	-485	1285	479	-32768	-7400	-2904	1999	-1340	4450	-16328	-11928	-32768	-1763	-5186	1098	4280	4744	-3576	77	278	-533	112	126	2
-32768	-1968	27180	-2815	6562	4963	-2192	-20296	7496	-1752	1833	2205	-6312	-27816	26680	562	-588	-1	-32768	-13952	-11712	1816	-433	4598	-7424	-5384	-32768	-251	-3588	690	-12232	-4392	-2440	768	-917	-820	60	253	2
32767	-31528	3464	-494	5954	4706	-7280	-20720	11520	-1770	2708	2305	-9936	-13096	19768	1312	-707	-764	-32768	-14744	-21608	686	-676	3430	856	6376	-32768	-489	-2259	260	-6776	1648	768	1959	-1676	-518	88	163	2
-30632	-29116	28720	2928	2792	915	-18240	-27072	8952	-402	4159	1915	-6880	-2264	12880	1527	-1073	-251	-32768	-10624	-32376	-1171	-1155	967	1680	2256	-32768	-786	-422	435	-2336	-1128	3728	266	-547	-59	112	128	2
-14508	-18900	32152	3928	2052	366	-13648	-23296	24888	1630	5774	1196	-11496	-2992	8368	2439	-2036	-379	-32768	-21360	-28456	45	-401	-461	-1400	-13808	-32768	15	688	726	4320	-13952	6936	-1799	1919	714	112	107	2
-4904	-6136	32767	2163	2501	893	-20296	-9648	32608	1777	5318	1157	-10200	3504	13480	2557	-3053	-769	-32768	-23688	-22128	3727	550	448	1048	-20992	-32768	1895	1836	434	9888	-18192	-6688	-880	3600	1586	115	108	2
-11476	-8860	32767	-85	1626	902	-24416	-4560	20256	4	3236	1064	-16464	9984	10720	1612	-3148	-336	-20792	-17328	-16696	4249	1700	1059	4544	-15208	-14040	2450	2509	206	14016	-2232	-32768	5173	4405	1312	109	81	2
-19756	-17108	32767	-290	-804	619	-23456	-8696	11080	-2028	1137	675	-19976	11248	13304	858	-3222	-22	32767	-32768	-32768	-273	6181	-3701	18832	-3688	-32768	970	2202	197	2264	7328	-1896	4420	979	422	111	217	2
-18380	-8500	32472	-59	-3058	115	-21448	-5720	7560	-2069	-102	217	-32768	7776	5280	-407	-3004	187	32767	32767	32767	-18894	-6889	-3290	-32768	32767	-32008	-294	8543	3070	-32768	32767	-32768	561	5488	-2169	124	230	2
-13832	-4756	32767	-1191	-4052	-243	-30824	-18040	4160	-1571	-1418	332	-32768	-21384	-5536	-908	-1775	80	-20336	22440	18512	-719	1980	2095	-32768	-32768	16856	-1117	6388	-2714	-14536	-32768	-32768	-2991	2900	2595	134	253	2
-17368	-22672	28180	-202	-4976	-597	-32768	-27808	-4728	-107	-2519	506	-32768	-10184	-17184	1866	-3774	-1225	-27312	3280	9272	64	1013	-1195	7712	12496	-32768	963	5459	270	32767	-32768	-32768	4759	2985	3159	162	66	2
-22556	-14740	18796	740	-6245	-1604	-17464	-14072	-12648	2598	-3303	-1053	-32768	1040	-17432	1589	-5006	-729	-9920	16376	14408	660	1321	40	-20696	18760	-17408	-776	3875	-713	-7672	13248	-32768	7015	922	-2669	145	52	2
-18404	-4872	12324	-582	-6525	-2566	-21488	-7504	-13184	3117	-4501	-1278	-32768	3560	-21800	363	-4538	-385	-11336	-1984	19136	329	1987	-729	-29744	-184	-32632	522	1988	-627	-32768	32767	-32768	-3078	5069	945	120	253	2
-22936	-7628	6988	-1553	-6954	-2894	-16136	-9648	-14680	2309	-5761	-1367	-18976	3496	-26272	-1052	-4237	-657	440	7464	30472	239	3943	-1430	-32768	9776	-11096	1028	1512	-1053	-32768	-10120	-7112	-3818	5091	-1297	106	253	2
-21720	-4376	7408	-2221	-7045	-2823	-13608	-6952	-12808	1858	-7002	-2109	-10752	-4072	-23976	-1667	-3361	-51	-9456	8376	29880	734	6509	-1583	-32768	-656	-4504	127	740	-1037	-32768	1912	864	-2812	5159	238	111	0	2
-24980	-6356	8048	-3160	-7126	-2862	-14664	-5864	-13472	1419	-7499	-2558	-8064	1384	-27320	-136	-2037	-190	-4048	11264	26864	813	8100	-2883	-32768	192	12128	-328	-80	-271	-32768	-22752	21776	-1610	4220	1689	94	8	2
-28992	-6528	5876	-3304	-6868	-3360	-18520	-4512	-18240	1460	-7312	-3059	2288	4368	-27520	522	-1257	206	-18616	12808	21984	826	10028	-4401	-32768	-2416	26152	-271	-795	1000	-32768	-16720	32767	370	3588	1892	119	0	2
-32768	-4200	2888	-2965	-5934	-4193	-19096	-3192	-23256	1942	-6572	-3763	14904	13048	-19776	776	-872	316	-32768	16544	32767	1781	9292	-4633	-11024	12800	30656	3517	101	459	-15352	136	32767	394	-431	316	104	0	2
-32768	3160	-160	-2766	-4511	-4851	-24104	-1624	-30744	2649	-5448	-4032	14840	5800	-15840	738	-172	45	-32768	6904	25432	4618	7922	-4030	-6680	17968	9784	1721	1959	-627	-10528	8024	32767	822	353	105	111	35	2
-32768	9696	-2596	-2748	-3318	-5187	-32768	3856	-32768	2843	-4335	-3896	10840	4976	-10304	-530	434	657	32767	32767	5008	1873	5707	-3850	-12776	18880	6568	832	3388	-540	-9696	4832	32767	340	-60	-102	118	118	2
-32768	21056	-10020	-2655	-2032	-5312	-32768	5080	-32768	2632	-3220	-2931	-2944	-4488	-2216	-1854	-184	116	-24080	32600	32767	-1155	3582	-2257	-27912	13312	4568	-761	4594	-479	-4120	1504	21208	-262	-781	-236	125	135	2
-32768	29172	-21140	-1644	-123	-4414	-25224	18984	-32768	1372	-2207	-1322	-9032	-7360	10200	-1293	-1496	-750	-19768	13056	32767	-1330	1883	-730	-27016	1600	22968	-813	4194	-635	-6904	5272	5168	-567	-619	-402	129	131	2
-32768	23700	-29056	-266	85	-1997	-15104	8080	-32768	-427	-612	-247	-5608	-1504	17976	-603	-850	-1204	-1936	10880	32767	164	1560	-1369	-20744	-2768	27976	674	3709	-468	-26616	-32768	-20136	-181	-284	-2960	123	153	2
-32768	28504	-27732	-1265	202	-281	-20448	15912	-32768	-1133	1269	368	-2424	5512	12488	-1607	1408	-407	88	16264	32767	1610	1418	-2088	-18416	-2936	22496	1738	3052	-329	-2504	-13440	16816	-145	-1412	-158	112	133	2
-32768	16828	-18836	-2095	1358	20	-20112	15544	-25096	-2130	2366	1283	1704	14672	920	-2602	5307	1197	-10624	21904	32767	2059	-171	-1465	-19744	304	13456	2166	2580	-316	-11832	-8520	12216	1363	-1090	-689	75	121	2
20304	32767	-19784	80	4817	4772	-19848	13312	-28384	-2046	2388	1337	-3216	10392	-4656	-2532	2211	1694	-15528	26320	32767	1089	-2099	-594	-24888	5440	5600	1903	1963	-336	-23328	6056	7544	1654	-1784	-769	109	109	2
-32768	-32768	-32768	8213	680	7276	-30736	-32768	-32768	-4194	4159	-869	-10344	6592	24216	-920	289	1440	-21992	24504	32767	-12	-3436	503	-32768	3128	-3272	1422	986	-226	-32768	21784	-11800	678	-1262	-778	106	142	2
-9304	32767	32767	2386	2725	5784	-32768	32767	-19544	5131	5779	5687	-32768	19760	-22976	4465	40	-666	-10216	28256	26720	-1417	-4037	1569	-32768	4824	-6392	53	-749	310	-32768	15856	-13768	-2374	-3429	328	166	48	2
-10760	-28612	7312	-215	1937	-75	1752	-11208	-32768	-3094	5278	1717	32767	32767	-32768	-3821	2526	319	-17320	11040	24864	-1088	-4365	2256	-17552	6680	-14880	-1807	-2539	-26	-32768	9608	-16360	-3343	-3858	-245	171	53	2
-7964	-7724	18356	-258	1077	56	-28456	-15376	-13800	-1925	2029	451	-32768	-6920	-29088	-5942	1636	4728	-18752	11312	18776	148	-5147	3163	-27152	1472	-18784	-1888	-3882	30	-32768	-1992	-18328	-2311	-3834	-1396	67	200	2
-13408	-8424	15132	-206	1492	858	-32768	-11760	-2992	-3963	659	1178	-32768	-32768	-32768	1347	3416	1404	-24736	14344	13424	315	-5908	3571	-17936	2592	-18816	-907	-5497	511	-32768	2352	-26816	123	-3730	-829	111	126	2
-15468	-21788	16892	-500	2876	1081	-21480	-32768	-7424	-1693	757	1781	-32768	2296	-8560	1569	4304	2413	-24920	11320	13528	174	-6154	3756	-15880	3824	-16488	-412	-6328	653	-25656	15944	-28368	736	-3386	-917	122	143	2
-8308	-12488	30820	410	4896	2447	-32768	-32768	7952	326	920	1868	-32768	-13376	1816	1223	4364	2460	-27280	12632	14920	368	-6139	3931	-19544	3464	-17992	-609	-6880	710	-16768	7120	-31472	-1819	-4647	-481	116	167	2
-4488	-11932	30896	-103	6328	3551	-32768	-32768	28552	-290	851	1852	-32768	5904	19360	1418	4509	1721	-28768	9088	12736	586	-6251	3858	-19680	1104	-20328	-448	-7451	939	640	9944	-25120	-2557	-3107	-295	101	194	2
2044	-17096	19360	-619	8274	4679	-32768	-32768	32704	-804	932	2026	-32768	-11952	32767	-924	4897	2026	-32768	8184	8632	1022	-6046	3554	-13016	2080	-24536	-143	-7496	1374	13992	-6192	-21680	-2277	-926	105	74	201	2
-24972	-23844	24384	-343	8893	5504	3888	-22032	30536	-1874	405	1285	-18360	-13352	32767	71	3738	796	-32768	10064	3368	919	-5487	3566	-13808	4296	-32768	-1060	-6893	1948	17472	-7024	-19752	-2104	-712	48	167	75	2
-32768	-16236	9380	-2083	8164	4870	11816	-15992	7264	-2214	293	1463	-2248	-17104	32767	-558	653	731	-32768	2520	-4416	872	-4463	4107	-16632	-1768	-32768	-2209	-6286	1647	12048	-496	-11184	269	-446	-685	175	17	2
-31580	-12328	16336	-2202	5194	4658	-10144	-18680	5432	-1862	2278	2567	-8400	-27528	26952	1097	-329	-81	-32768	-7016	-15992	1136	-3025	5013	-17104	-10728	-32768	-1753	-4787	1287	1200	4488	-1216	1089	-1393	-1154	82	198	2
-32768	-32768	26164	570	2375	4085	-21664	-19568	40	-2206	3209	2235	-6400	-3560	20336	1825	-793	-854	-32768	-17032	-26408	898	-1437	5303	-3800	-2664	-32768	-1071	-3287	748	-8952	4416	8056	1570	-2696	-895	68	172	2
-24344	-30600	25724	2329	599	1121	-13112	-28688	18968	-719	4271	1743	-7368	-576	8000	873	-878	335	-32768	-20440	-32768	476	-552	3959	4296	2568	-32768	-628	-1195	447	-3640	-3792	10832	930	-2180	321	59	164	2
-20008	-26768	26360	2504	491	1002	-15224	-20432	29488	505	5079	1301	-9688	-808	7736	1949	-1821	-34	-32768	-16352	-30480	14	-165	1528	3912	-1344	-32768	-350	744	509	3248	-4824	16784	-456	237	1545	71	180	2
448	-10800	32767	1294	1886	826	-15640	-7888	25976	255	4189	1305	-3136	6864	15160	2220	-2673	-406	-32768	-23872	-23680	1504	-71	281	3760	-3472	-32768	-380	1014	544	7040	-15816	10808	-1909	3611	1317	107	87	2
-8204	-10084	32767	-439	1140	368	-19520	-6440	16816	-1066	2706	1117	-12680	9744	8344	782	-2743	55	-7896	-25056	-30496	2488	1674	-618	-1256	-19888	-7216	676	3064	586	16248	-8320	-32768	3897	6519	866	64	219	2
-14276	-15816	32767	-372	-323	85	-18688	-13736	9864	-2238	1242	937	-18216	976	8312	77	-2879	48	-32768	-32768	-13680	1644	8832	-3965	15352	-27936	-15080	922	2093	561	9784	-4336	-32768	5556	2034	123	79	244	2
-17712	-12660	26976	292	-2014	152	-18968	-10448	6160	-2173	701	605	-23712	8152	11464	320	-2964	-319	-32768	32767	-32768	-15763	-2498	-787	-14480	32767	-32768	-22955	4602	-1078	10256	-32768	-32768	-2122	193	-202	130	177	2
-7980	-3696	27284	-892	-2564	210	-24792	-15032	1208	-1185	-130	174	-32768	-19712	-3512	-862	-1973	-177	-32768	32767	16760	-349	1284	5095	-14632	-32768	-32768	4736	9737	-11199	-32768	9016	-21664	-1307	1311	1154	171	254	2
-14488	-25032	25380	-679	-2618	-632	-32768	-30048	-7184	-31	-1573	372	-32768	-8192	-14504	1415	-3082	-1103	-13608	7688	12800	474	1362	-999	22200	19824	-32768	3755	4324	1411	32720	-32768	-32768	-2813	3953	2844	132	194	2
-26408	-24244	19524	1041	-4261	-2280	-18872	-20712	-16640	2733	-2323	-1114	-32768	1360	-15600	1347	-4738	-1361	-1280	26648	16048	1006	1536	76	-23128	5032	9160	-251	2959	510	-14896	-2592	-32768	5858	936	-1055	122	163	2
-24936	-8500	12180	165	-5150	-3671	-22096	-6056	-15784	3782	-3106	-1629	-32768	1368	-17696	873	-4461	-963	-3080	10232	20568	1013	2479	-69	-32768	14888	-17136	999	2326	-265	-22176	11632	-32768	6765	672	-2361	172	127	2
-25836	-7964	5796	-960	-5568	-3905	-13352	-7592	-15472	3012	-4254	-1505	-25656	8440	-22104	-74	-4235	-1069	696	5768	28304	812	4316	-1791	-32768	10384	-16216	1588	1490	-193	-32768	3144	1360	-3609	4579	278	205	106	2
-22664	-7200	5824	-1051	-5646	-3457	-11544	-5072	-13808	2532	-5418	-2087	-12688	240	-23184	-994	-3747	-342	-3136	6352	32767	969	6584	-2089	-32768	9320	-9072	1390	1356	-514	-32768	2000	-512	-1708	4382	-175	210	0	2
-20640	-728	7740	-1952	-5887	-3044	-14384	-1504	-13488	1933	-6379	-2433	-10392	-1728	-25328	-678	-2735	70	112	2064	26432	1505	8197	-2290	-32768	-1096	14240	734	-260	-553	-32768	-4856	9464	-828	4665	871	187	0	2
-24768	1028	5508	-2838	-6219	-2889	-14744	-200	-15632	1258	-6914	-2591	-3192	-960	-26192	573	-1870	-73	-16280	10912	21712	1731	10062	-3116	-32768	1272	16608	669	-226	-179	-30512	-7144	32767	599	2752	2227	163	0	2
-32768	1476	2760	-2816	-6105	-2979	-15784	1760	-21624	1098	-6576	-2913	9000	11488	-18544	1019	-1521	26	-32768	24664	23816	2342	9846	-3349	-14128	11768	19944	2289	-843	762	-14576	-9728	32767	459	2175	1043	159	0	2
-32768	2132	-4528	-2350	-5578	-3375	-13312	2080	-25600	1420	-5781	-3261	13152	3424	-19232	-609	-101	57	-32768	18016	32767	4172	7746	-2700	-4288	16776	10376	698	1500	-347	-7664	352	32767	-370	-200	-253	144	97	2
-32768	4236	-10612	-986	-4482	-3948	-14112	3128	-32560	2863	-4183	-3640	11544	3712	-23608	-525	974	128	7680	32767	8384	3001	4496	-2895	-18192	11328	9744	-249	2858	-630	-18712	-1160	26280	-1707	-103	370	143	109	2
-32768	13368	-12696	-714	-3080	-4372	-15672	5192	-31552	3123	-3973	-3705	8056	6488	-17904	-262	424	-23	-18240	32767	31120	-420	3482	-1479	-22176	10664	6208	-214	3533	-4	-11208	-6944	21896	-1230	-743	-35	140	108	2
-32768	18360	-10720	-1460	-1934	-4923	-26336	9112	-32768	3118	-2462	-2662	-4256	584	-7192	-248	-1585	-799	-13440	17888	32456	-1076	1856	442	-21264	-1352	16800	-838	3234	-117	-5504	-5224	9328	-1212	-860	-44	139	120	2
-32768	20420	-15548	-1118	-1410	-4340	-22920	11352	-32768	2037	-1573	-1746	-3288	-280	4776	-709	-1543	-703	-9896	1320	32767	1049	791	409	-16824	-7832	21776	1125	2973	-3	-9280	-13632	6688	-742	-2413	-194	147	133	2
-32768	25032	-19140	-1101	-1190	-2657	-18768	11760	-32768	137	-906	-763	32	2096	13648	-807	-108	-840	-9560	6928	32767	3181	-622	-285	-15376	-3992	16224	2973	2735	-44	-4312	-18488	9640	425	-1825	-912	133	137	2
-32768	21388	-20344	-1710	-809	-1283	-16472	13208	-32768	-1310	-25	100	-1608	4120	15888	-1158	1960	-624	-2840	17072	32767	3203	-2403	-594	-18360	1272	18032	3359	2158	20	-9528	-11200	10688	2456	-1250	-1059	122	122	2
-32768	11964	-24356	-1379	163	-864	-11624	9720	-25824	-1520	1596	568	4272	13040	4032	-1961	6081	453	-6832	19648	32767	1833	-3622	-922	-20072	5000	16200	3189	1776	84	-17152	-136	13544	2670	-2076	-1084	97	124	2
-26848	32767	-32768	3636	3905	1815	-9488	3232	-32768	-1021	2793	547	-14168	-2048	24640	-3314	1900	1396	-8088	18208	31408	440	-4417	-923	-26216	5248	12456	2145	1344	-257	-22248	18928	11520	1997	-2535	-661	118	128	2
-32768	-32768	32767	11934	336	6985	-32768	-32768	-8344	-1440	4907	-2471	-32768	-32768	29064	3946	5033	-2398	-9944	29312	32767	-892	-4449	-796	-32768	6624	-4368	1061	268	-138	-32768	28824	-15624	632	-1120	-915	232	134	2
-12056	32767	32767	42	984	3865	-32768	32767	-30640	749	6072	5814	-32768	32767	-32768	3069	1906	-2356	-16808	32767	26832	-2789	-4962	598	-32768	8576	-10192	-1416	-1705	-230	-32768	14568	-16840	-3040	-3848	529	147	18	2
-17196	-20484	5988	-376	1565	-68	32767	-1512	-32768	-3565	3999	1226	32767	32767	-32768	-4737	1287	1999	-17080	16728	20000	-2731	-5236	1862	-25288	792	-15168	-2690	-3180	-538	-32768	16904	-18440	-4073	-3764	-549	96	27	2
-8384	-9432	17180	-557	1432	28	-32768	-20504	-19072	-1596	-546	2018	-32768	-32768	-32584	-9058	976	6946	-17352	12096	15024	-818	-4782	2901	-29008	-896	-19992	-1852	-4655	-601	-32768	1584	-18904	-3051	-3776	-905	110	85	2
-10692	-9092	12740	-185	1294	911	-27160	-14328	-4496	-3661	1593	1255	-32768	-24728	-32768	4330	1564	292	-26864	16888	15168	-176	-5040	3359	-18888	5904	-22520	-536	-5708	-38	-32768	2432	-26848	-1063	-3123	-1006	120	173	2
-14208	-16796	16712	-374	2229	1427	-23240	-31736	-5000	-1728	823	1255	-32768	1824	-12880	830	3990	2568	-28552	15736	13864	-365	-5287	3346	-19864	6784	-21616	-779	-6496	338	-24792	10536	-28264	-695	-3748	-1077	111	164	2
-9188	-13852	30572	406	4538	2136	-32768	-32768	2728	-114	480	1671	-32768	-17784	5624	282	4319	1728	-28512	12672	10824	-103	-5299	3235	-18304	3240	-23912	-882	-6895	552	-8576	6960	-29352	-1771	-3522	-836	113	147	2
-3792	-20312	31172	452	6451	2920	-32768	-32768	25416	-468	992	2068	-32768	1208	21768	619	4753	1665	-32768	11160	8560	308	-5169	3262	-16848	1960	-26824	-818	-7075	924	3136	1792	-19472	-1617	-2472	-350	115	136	2
-4124	-20744	27328	-94	7461	4842	-31864	-32768	21896	-868	986	2069	-32768	-13704	32152	-910	4417	1717	-32768	7552	3240	668	-4656	3500	-13760	1576	-29352	-1086	-6666	1225	14568	-9816	-8928	-1552	-1975	-308	110	151	2
-18604	-24480	23692	-88	8488	5934	-7744	-27064	25848	-1903	-159	1542	-23152	-12872	32767	-214	3520	878	-32768	3016	-1584	691	-3612	3818	-11544	1144	-32768	-2022	-5800	1062	12192	-2136	-8960	-1405	-1008	-207	84	200	2
-26444	-21616	15872	-2153	8404	5548	11240	-9176	18432	-2818	574	1339	-592	-9864	32767	-97	1817	681	-32768	-4024	-9312	826	-2515	3994	-13736	-7944	-32768	-1802	-4878	807	3160	1208	-2912	-173	255	-684	2	253	2
-32768	-24512	18636	-2591	7957	5531	-6560	-16704	4096	-3102	602	2208	-880	-19112	23792	22	-290	319	-32768	-10552	-16640	764	-1441	3972	-10840	-4744	-32768	-461	-3441	634	-5296	4720	6808	459	-1412	-933	97	141	2
-32768	-9936	26768	-1538	3087	5271	-21832	-16016	-3424	-3907	1509	2535	-3488	-11952	16456	948	-683	-191	-32768	-15464	-26696	529	-782	3155	128	6568	-32768	-212	-1907	123	-2344	-1080	6520	1470	-1901	-661	100	131	2
-23268	-32768	24768	1092	-471	2359	-4904	-32768	13728	-2727	2548	2496	-6872	-4208	9056	743	-706	282	-32768	-11080	-32768	-425	-706	1196	6088	6400	-32768	-514	-300	169	504	-1752	3664	1533	-1645	148	108	120	2
-5868	-24664	24012	3110	-165	1042	-7744	-22528	21248	370	4193	1293	-9720	-9136	3848	1068	-856	-11	-32768	-11488	-32768	-602	-189	-303	7656	-2632	-32768	-49	1039	454	704	-152	1776	348	-59	624	112	121	2
5652	-19244	26228	2083	968	-42	-8640	-17464	24536	981	4361	1369	-7080	-1712	12352	2259	-1898	-663	-32768	-10392	-28512	1687	767	239	4984	-9528	-32768	433	2085	374	13216	-3040	-8640	-1995	4349	892	119	139	2
-968	-17612	30012	455	1245	-633	-11960	-10344	19392	805	3441	1042	-9832	7464	11400	2027	-2422	-504	-32768	-27560	-27648	72	5328	90	5776	3992	-7392	1496	1927	840	12520	200	-32768	4496	5222	945	116	88	2
-8676	-17108	31012	-83	187	-1082	-15424	-12232	14552	-445	1986	526	-17552	8032	9760	764	-2674	-106	-32768	32767	32767	-15827	-10952	-5901	-3360	32767	-32768	-10507	4516	-692	-14856	-32768	32767	-2357	-3571	-773	117	153	2
-9044	-8864	32767	-444	-681	-791	-20232	-14312	7840	-585	163	30	-32768	-9136	2384	-599	-2697	-22	-32768	2776	-32768	943	2527	-2320	32767	-32768	-32768	2916	12019	-2055	-32768	-31536	-23008	1801	2753	1573	116	228	2
-15156	-19068	32192	-294	-1994	-1314	-32768	-27768	2656	-647	-752	492	-32768	-1464	-2040	821	-2873	-1077	3528	11176	19896	-52	298	249	32767	32767	-2064	1432	4883	1379	32767	-32768	-23616	3080	2559	2169	156	161	2
-14996	-17116	28148	145	-3292	-2226	-32768	-16640	-4120	1174	-1086	-735	-32768	2944	-8056	1980	-3950	-1895	-3824	-9144	22272	626	700	-241	-32768	-19360	-32768	-784	4368	963	-14976	14328	-32768	4383	2386	-1050	143	125	2
-21440	-10244	21568	-612	-4279	-3167	-21752	-11616	-12384	1653	-2697	-1423	-32768	8384	-13496	1059	-4117	-1232	-7352	-2064	16720	377	1046	-689	-22256	-952	-32768	1197	2610	1164	-32768	32767	-32768	931	4864	-272	122	170	2
-24052	-9024	15644	-1637	-5358	-3758	-21416	-13728	-14792	2024	-3988	-2023	-32768	3712	-20896	-321	-4061	-909	-9584	14400	18632	455	2292	-784	-28368	13912	-24808	886	1990	105	-32768	344	-14744	-700	4307	80	117	149	2
-29444	-11756	11492	-1748	-6077	-3767	-19320	-14096	-14248	2373	-4707	-2674	-28560	2800	-23000	-1077	-4185	-1086	-3816	4816	27376	473	4578	-1117	-32768	704	-15056	1070	1145	-647	-32768	24544	-11624	-866	5000	-409	150	65	2
-23012	-9744	10508	-1778	-6018	-3897	-17232	-7888	-11512	2852	-4948	-3456	-14832	4024	-21264	-1620	-4201	-677	-5152	10456	32767	663	7021	-1240	-32768	7440	-2536	703	711	-899	-32768	7560	720	-2329	5048	651	166	111	2
-19912	-7444	10892	-2282	-5669	-4307	-18808	-5320	-10296	2953	-5240	-3717	-6992	6528	-20520	-1621	-2833	-577	-4144	8136	28680	919	8733	-2838	-32768	-3264	14552	-204	-602	-53	-32768	-18616	19832	-2300	4618	1451	161	18	2
-20156	2428	10632	-3323	-5096	-4450	-22176	1160	-10632	2239	-5912	-3808	-4352	1760	-23904	-1196	-1421	-638	-11352	9296	20376	1014	10674	-4120	-32768	1072	24592	80	-875	715	-32768	-14616	32767	-376	4465	1683	121	147	2
-27212	3452	12744	-3922	-4416	-4432	-23040	3424	-16968	1331	-6404	-3722	11616	5448	-23480	-301	-694	-162	-32768	17776	32767	2041	10343	-4070	-11736	6352	26712	2509	7	294	-5328	-14704	32767	522	1438	806	127	179	2
-32768	1104	11444	-3744	-4021	-4568	-23344	2912	-26536	1554	-5986	-3857	14352	4424	-21616	-608	100	139	-32768	5544	32088	4293	7670	-3324	-1784	18264	5288	858	1997	-595	-21048	-8104	32767	-326	-640	-325	120	166	2
-32768	8212	5848	-2379	-3557	-4933	-32768	10048	-29816	2220	-4829	-3789	12456	2488	-11352	-271	122	850	32767	16768	-7896	3036	6279	-2669	-16344	13912	10680	-146	3330	-638	-20392	-3344	24352	-498	-31	-36	123	146	2
-32768	24888	-2652	-2176	-2000	-5105	-32768	8616	-32768	2160	-3673	-2834	2168	-6168	-5184	-22	-1274	-303	-22408	32767	32767	-733	3959	-1333	-28720	8632	9240	-799	3912	-326	-7056	-10104	17832	-454	-508	-19	132	135	2
-32768	31756	-16768	-1871	-217	-4120	-25952	20552	-32768	1934	-2071	-1693	-8032	-4616	8136	-50	-2182	-973	-18160	9952	32767	-840	2757	-256	-23920	-4624	18272	-370	3763	-261	-8304	-6944	5472	768	-1442	-544	127	128	2
-32768	21644	-23752	193	375	-2325	-17256	16184	-32768	910	-339	-325	-2992	-1168	15512	336	-1387	-1040	-9416	7800	32767	1363	1367	-890	-19928	-440	26000	2118	3355	-243	-13896	-2000	4856	1952	-1872	-867	120	129	2
-32768	25672	-25824	966	389	-1078	-20952	17696	-32768	374	1422	263	3728	6264	19072	-363	820	-205	-4016	17448	32767	2430	614	-2347	-17720	4368	21232	2260	2836	-267	-5328	-16584	15376	112	-2743	-549	97	134	2
