#Activity	sitting 
#ActivityID	5 
#Date 08-22-13-37
acc_rf_x	acc_rf_y	acc_rf_z	gyro_rf_x	gyro_rf_y	gyro_rf_z	acc_rs_x	acc_rs_y	acc_rs_z	gyro_rs_x	gyro_rs_y	gyro_rs_z	acc_rt_x	acc_rt_y	acc_rt_z	gyro_rt_x	gyro_rt_y	gyro_rt_z	acc_lf_x	acc_lf_y	acc_lf_z	gyro_lf_x	gyro_lf_y	gyro_lf_z	acc_ls_x	acc_ls_y	acc_ls_z	gyro_ls_x	gyro_ls_y	gyro_ls_z	acc_lt_x	acc_lt_y	acc_lt_z	gyro_lt_x	gyro_lt_y	gyro_lt_z	EMG_r	EMG_l	act
-12008	-3508	11160	150	27	-123	-14096	1012	-8224	97	-25	-46	-3160	-2528	16592	33	0	6	-10392	7128	10356	-107	130	-124	-14560	2816	-7776	11	-13	25	-3680	3200	16488	7	-20	19	130	133	5
-12048	-3416	11292	120	31	-132	-14064	1012	-8324	46	-16	-50	-3048	-2256	16776	27	-1	3	-10412	7136	10376	-72	136	-175	-14424	3032	-7624	5	-9	27	-3712	3328	16472	11	-19	13	130	133	5
-11936	-3412	11196	163	7	-128	-13936	988	-8328	22	7	7	-3128	-2424	16888	20	-2	4	-10432	7128	10452	-70	128	-153	-14456	2832	-7904	1	-6	23	-3944	3160	16312	1	-18	9	129	133	5
-12008	-3404	11092	158	41	-132	-14036	1040	-8312	19	-12	-33	-3112	-2320	16616	22	1	-2	-10436	7116	10408	-85	182	-127	-14480	2960	-7576	3	-15	24	-3536	3320	16600	-2	-25	13	129	133	5
-11992	-3440	11104	105	25	-133	-14032	1056	-8308	44	-6	-4	-3096	-2360	16648	25	-2	-2	-10372	7092	10440	-28	104	-143	-14264	2976	-7704	5	-15	24	-3504	3248	16592	3	-17	12	131	133	5
-12004	-3444	11124	130	-7	-133	-14024	1064	-8400	40	-67	-17	-3216	-2264	16504	29	1	2	-10368	7120	10392	-65	166	-139	-14352	3032	-7664	7	-5	25	-3680	3296	16400	-4	-19	12	130	134	5
-12036	-3436	11304	137	-49	-94	-14072	1012	-8276	31	-74	-10	-3224	-2112	16448	28	-3	4	-10376	7124	10544	-55	158	-192	-14344	2952	-7488	4	-4	25	-3696	3208	16536	2	-21	14	130	133	5
-11940	-3448	11096	129	-33	-165	-14060	1088	-8188	10	-37	-34	-3072	-2264	16384	26	-5	7	-10360	7088	10460	-96	135	-192	-14328	2808	-7680	-6	-5	24	-3688	3288	16440	4	-15	20	130	134	5
-11952	-3428	11140	135	6	-152	-13976	1084	-8232	32	-37	-47	-3040	-2256	16728	21	-4	7	-10420	7024	10300	-85	146	-138	-14400	3080	-7792	6	-8	23	-3648	3144	16416	8	-15	17	130	134	5
-12040	-3432	11168	139	-4	-161	-14024	1088	-8228	8	-26	-91	-3224	-2480	16600	20	-2	7	-10392	7084	10424	-70	130	-160	-14296	2912	-7616	5	-10	23	-3584	3304	16472	7	-21	16	130	133	5
-11964	-3376	11212	118	32	-134	-14028	1064	-8348	27	-35	-105	-3112	-2392	16592	20	-2	11	-10420	7140	10448	-97	127	-139	-14280	2952	-7744	3	-4	26	-3680	3304	16544	8	-17	17	130	134	5
-11956	-3436	11124	112	36	-120	-14088	1016	-8308	55	-21	-59	-3144	-2400	16672	19	3	12	-10372	7092	10292	-72	103	-183	-14400	2992	-7960	9	-11	24	-3664	3328	16496	6	-13	19	130	133	5
-11960	-3428	11032	124	20	-166	-14024	1084	-8216	32	6	-85	-3184	-2464	16472	17	-6	15	-10408	7064	10292	-44	122	-197	-14272	2896	-7968	5	-12	23	-3768	3416	16352	4	-17	20	131	134	5
-11992	-3428	11208	86	66	-124	-14060	1088	-8252	50	-20	-71	-3232	-2376	16624	17	-6	13	-10424	7076	10364	-63	130	-164	-14280	3000	-7832	2	-10	20	-3696	3328	16456	8	-13	20	130	133	5
-11944	-3400	11132	120	-34	-137	-13980	1048	-8404	-27	21	-89	-3112	-2432	16496	20	-7	7	-10412	7056	10408	-66	112	-115	-14504	2968	-7712	4	-8	21	-3552	3384	16552	7	-14	20	130	133	5
-12012	-3468	11152	113	-25	-150	-14084	1044	-8364	21	-29	-63	-3008	-2328	16504	20	-1	5	-10364	7176	10396	-88	128	-162	-14504	2864	-7856	6	-15	23	-3688	3320	16616	-6	-14	14	130	133	5
-11996	-3464	11260	109	-18	-119	-14004	1004	-8304	11	-53	-68	-3160	-2496	16616	23	2	9	-10368	7148	10380	-46	128	-174	-14480	2704	-7744	8	-11	21	-3736	3224	16552	-1	-14	15	130	134	5
-11956	-3368	11076	122	-17	-123	-14040	1032	-8292	89	-25	-74	-3192	-2512	16632	22	1	7	-10376	7124	10388	-49	120	-196	-14376	3072	-7608	5	-10	20	-3632	3272	16536	7	-14	13	130	133	5
-11948	-3508	11164	160	-75	-125	-13980	1036	-8216	59	-8	-38	-3192	-2344	16504	21	-4	4	-10408	7068	10324	-104	106	-188	-14528	2904	-7616	8	-8	26	-3600	3192	16480	5	-12	21	131	134	5
-11952	-3436	11260	126	-17	-136	-14084	1048	-8284	30	-44	-80	-3040	-2448	16432	24	-3	0	-10392	7124	10388	-74	111	-177	-14384	3032	-7568	6	-8	23	-3360	3392	16488	5	-15	20	131	134	5
-11960	-3460	11144	103	-25	-142	-14108	976	-8240	10	-2	-70	-3120	-2296	16720	22	3	8	-10448	7104	10424	-83	136	-178	-14472	2976	-7568	3	-4	22	-3576	3264	16288	0	-15	14	130	134	5
-12004	-3444	11096	123	-31	-128	-14044	1116	-8268	23	4	-108	-3048	-2312	16584	22	-4	12	-10412	7120	10336	-113	144	-174	-14400	2792	-7696	5	1	20	-3680	3240	16624	-1	-14	17	131	134	5
-11968	-3456	11172	85	19	-120	-14060	1072	-8304	54	-3	-75	-3064	-2432	16168	21	-1	16	-10440	7112	10432	-94	147	-217	-14360	2872	-7632	6	2	21	-3592	3240	16528	-2	-15	20	131	134	5
-12052	-3404	11156	121	13	-150	-14020	1076	-8300	79	3	-112	-3040	-2304	16672	18	-7	15	-10432	7160	10296	-78	133	-185	-14416	2952	-7968	7	1	16	-3584	3272	16768	0	-14	19	130	134	5
-11952	-3444	11128	109	11	-136	-14112	1024	-8276	56	13	-84	-3128	-2360	16488	21	2	12	-10420	7156	10364	-78	137	-160	-14488	3008	-7696	9	-1	19	-3552	3344	16328	9	-11	21	130	134	5
-11952	-3452	11080	84	24	-145	-14032	1096	-8212	49	29	-107	-3200	-2376	16592	16	-4	13	-10460	7092	10340	-108	120	-175	-14296	2888	-7808	10	0	18	-3752	3256	16504	8	-15	19	131	134	5
-11996	-3400	11068	110	72	-129	-14048	1064	-8356	-1	28	-106	-3072	-2472	16816	16	-4	12	-10404	7124	10320	-100	161	-188	-14336	2904	-7624	17	-5	17	-3608	3368	16616	5	-13	20	132	134	5
-11968	-3396	11092	151	55	-129	-14064	1032	-8372	59	56	-43	-2952	-2424	16480	15	-2	6	-10396	7136	10356	-95	165	-172	-14320	3000	-7704	11	-3	18	-3632	3296	16384	-5	-15	14	132	134	5
-11984	-3440	11068	182	27	-140	-14048	1068	-8264	-18	19	-75	-3112	-2408	16624	24	-3	4	-10416	7144	10452	-128	129	-186	-14552	3088	-7840	9	0	19	-3600	3368	16728	-4	-16	16	131	134	5
-11936	-3476	11152	137	-20	-93	-14068	988	-8144	33	10	-40	-3248	-2304	16320	16	-3	7	-10388	7160	10272	-79	128	-226	-14304	3064	-7712	6	-2	20	-3672	3328	16312	-3	-17	12	131	134	5
-11940	-3408	11188	157	48	-107	-14028	1032	-8264	26	13	-42	-3200	-2328	16384	18	0	3	-10484	7120	10352	-133	125	-189	-14232	3088	-7912	4	-4	15	-3760	3384	16560	-5	-14	14	131	134	5
-12032	-3396	11184	145	4	-136	-14068	1100	-8364	47	2	-48	-3144	-2440	16736	22	-4	1	-10428	7136	10440	-90	127	-191	-14440	3024	-7648	8	-7	15	-3896	3304	16472	-8	-15	21	131	134	5
-11984	-3424	11168	121	63	-141	-14076	1012	-8300	27	-45	-49	-3288	-2360	16392	23	-7	1	-10372	7108	10360	-104	97	-172	-14528	2832	-7896	12	-12	19	-3728	3232	16432	-12	-17	21	131	134	5
-12048	-3400	11100	124	-30	-115	-14000	1024	-8288	7	-60	-35	-3120	-2232	16528	28	-8	5	-10424	7084	10356	-109	130	-157	-14568	3080	-7864	12	-15	13	-3560	3072	16832	18	22	66	131	134	5
-12000	-3392	11148	108	48	-162	-14072	1088	-8352	-2	-60	-97	-3016	-2368	16392	22	-2	3	-10400	7124	10348	-94	112	-165	-14320	2872	-7624	8	-13	14	-3872	3344	16320	3	-21	18	131	134	5
-11948	-3460	11080	124	-26	-154	-14004	1084	-8396	-11	-58	-83	-3080	-2344	16384	21	-6	3	-10436	7076	10292	-80	86	-152	-14440	2872	-7736	7	-14	18	-3504	3208	16528	-12	-15	27	131	134	5
-11980	-3404	11148	131	-40	-139	-14020	1016	-8176	18	-51	-68	-3096	-2248	16536	15	-5	3	-10424	7164	10372	-91	124	-163	-14216	2992	-7760	6	-14	16	-3632	3208	16544	-5	-4	22	130	134	5
-11956	-3400	11084	125	-24	-143	-14072	1076	-8344	41	3	-78	-2984	-2392	16608	12	-2	1	-10424	7224	10376	-102	99	-185	-14448	2928	-7712	13	-11	17	-3640	3248	16688	3	-15	20	130	134	5
-11912	-3424	11116	143	-14	-158	-14104	1060	-8240	55	-37	-85	-2928	-2320	16712	16	-1	8	-10376	7100	10372	-97	108	-206	-14328	2944	-7552	12	-11	16	-3528	3296	16552	2	-14	20	130	134	5
-11932	-3428	11184	135	1	-124	-14128	1100	-8340	46	14	-86	-2952	-2312	16504	17	-3	5	-10400	7132	10432	-66	136	-176	-14432	3024	-7712	11	-10	18	-3512	3112	16584	-4	-14	18	130	134	5
-12020	-3440	11172	114	32	-104	-14064	1036	-8268	1	45	-123	-2880	-2240	16648	15	-2	8	-10416	7108	10392	-111	116	-207	-14304	2952	-7680	11	1	15	-3552	3200	16656	-5	-10	15	130	134	5
-11932	-3444	11092	136	-15	-132	-14076	1048	-8192	45	86	-122	-3128	-2432	16744	13	2	12	-10364	7108	10296	-143	154	-196	-14440	2808	-7504	9	2	20	-3576	3240	16488	0	-11	16	131	134	5
-12008	-3496	11188	133	51	-131	-14008	976	-8340	37	53	-78	-3168	-2600	16656	17	5	8	-10400	7120	10368	-122	142	-181	-14352	2840	-7920	11	2	13	-3504	3272	16312	-5	-10	18	131	134	5
-11920	-3432	11148	112	10	-146	-14140	1052	-8304	15	67	-70	-3128	-2384	16528	19	2	9	-10404	7124	10344	-149	160	-198	-14296	2976	-7800	14	1	17	-3688	3240	16288	-1	-11	20	131	134	5
-11956	-3428	11156	103	-5	-128	-14040	1000	-8332	26	40	-56	-3080	-2368	16840	32	5	13	-10396	7112	10408	-79	131	-223	-14328	3000	-7680	12	3	17	-3696	3352	16528	-5	-10	20	131	134	5
-11996	-3476	11096	147	-10	-142	-14064	952	-8400	6	65	-39	-3192	-2560	16248	34	3	10	-10356	7120	10412	-104	124	-205	-14352	3000	-7840	8	4	15	-3872	3360	16728	-3	-9	23	131	134	5
-11984	-3440	11176	153	-8	-114	-14040	1012	-8324	-30	21	-18	-3176	-2416	16496	30	2	4	-10352	7156	10432	-103	136	-195	-14304	2928	-7728	12	-2	12	-3768	3248	16600	3	-13	23	131	133	5
-11984	-3396	11068	129	18	-115	-14080	1072	-8308	38	45	16	-3128	-2304	16480	33	5	4	-10416	7108	10360	-102	112	-199	-14352	2864	-7816	8	-3	12	-3712	3272	16584	8	-10	26	131	134	5
-12036	-3496	11192	137	1	-137	-14064	1048	-8296	-14	22	11	-3200	-2280	16568	32	2	0	-10460	7016	10332	-101	129	-186	-14448	3024	-7520	9	-3	12	-3800	3400	16560	2	-7	25	131	134	5
-12024	-3416	11116	161	-6	-103	-14028	1028	-8176	-9	56	-7	-3112	-2408	16432	29	0	-1	-10412	7096	10392	-77	128	-177	-14360	2808	-7912	14	-1	15	-3704	3320	16600	1	-9	23	132	134	5
-11996	-3416	11176	147	14	-127	-13976	1068	-8356	11	-5	15	-2928	-2368	16656	25	8	-1	-10392	7100	10356	-84	127	-177	-14448	3008	-7968	15	-7	15	-3712	3344	16648	0	-13	21	131	134	5
-11984	-3396	11272	183	-29	-128	-13988	1108	-8340	19	16	-16	-3000	-2224	16624	26	0	-1	-10440	7148	10412	-106	117	-224	-14424	2952	-7800	16	-6	15	-3576	3280	16552	-5	-8	18	131	134	5
-11964	-3428	11208	131	26	-88	-14036	1052	-8324	49	34	-6	-3152	-2360	16688	25	4	-2	-10384	7108	10364	-145	146	-230	-14368	3024	-7776	5	1	14	-3728	3296	16480	-6	-13	20	131	134	5
-11920	-3444	11108	153	-37	-145	-14048	1096	-8404	67	73	-4	-3112	-2256	16632	25	2	3	-10368	7136	10376	-90	122	-189	-14184	2944	-7808	1	3	14	-3664	3288	16560	-6	-9	18	131	134	5
-11940	-3420	11128	113	13	-100	-14060	1088	-8376	105	67	-57	-3160	-2448	16488	22	3	1	-10376	7100	10328	-61	113	-200	-14360	2864	-7744	2	-3	16	-3672	3272	16448	2	-8	22	131	134	5
-11944	-3420	11204	174	-12	-116	-14036	1096	-8268	71	23	-46	-3168	-2448	16400	21	0	1	-10444	7140	10480	-80	149	-170	-14368	2944	-7808	12	-2	16	-3688	3224	16552	3	-6	22	131	134	5
-11992	-3464	11160	131	11	-122	-14052	1048	-8276	56	0	-43	-3200	-2296	16648	23	-1	11	-10428	7188	10420	-109	92	-199	-14280	2864	-7656	10	-6	20	-3624	3384	16464	2	-12	21	131	134	5
-11980	-3400	11052	122	-26	-133	-14044	1100	-8304	7	33	-29	-3160	-2352	16632	18	1	7	-10432	7124	10336	-94	131	-194	-14448	2984	-7792	11	-4	15	-3728	3360	16576	5	-9	22	131	134	5
-11972	-3392	11072	113	3	-125	-14040	1020	-8328	5	-1	-61	-3152	-2368	16592	23	-1	8	-10444	7096	10372	-121	135	-196	-14408	2976	-7648	17	-8	16	-3760	3200	16448	0	-10	22	131	134	5
-11952	-3384	11112	132	-15	-121	-13968	1044	-8352	5	-3	-68	-3120	-2384	16376	20	-2	6	-10396	7104	10392	-80	105	-203	-14344	2904	-7736	13	-5	15	-3824	3264	16488	3	-13	17	132	134	5
-11912	-3396	11156	138	-16	-168	-14004	1072	-8376	18	-1	-69	-3352	-2296	16584	21	-4	8	-10396	7096	10388	-83	136	-205	-14480	3048	-7896	10	-6	17	-3800	3296	16552	-6	-14	20	131	134	5
-11920	-3416	11088	157	-8	-125	-14048	1072	-8336	44	-18	-94	-3184	-2512	16432	22	-2	7	-10432	7148	10360	-105	138	-215	-14416	2928	-7808	4	-6	14	-3752	3360	16528	-6	-14	18	131	134	5
-11956	-3520	11112	142	5	-124	-14060	1104	-8348	50	-31	-70	-3200	-2312	16432	21	0	7	-10412	7084	10272	-113	100	-157	-14408	2888	-7944	10	-12	20	-3688	3200	16592	-3	-12	19	131	134	5
-11996	-3404	11204	117	3	-164	-14004	1028	-8384	58	-16	-37	-3160	-2312	16656	25	-2	8	-10456	7136	10372	-100	130	-211	-14336	2816	-7792	6	-12	17	-3688	3176	16368	-3	-13	17	132	135	5
-11964	-3492	11132	132	37	-152	-14060	1028	-8332	4	-15	-87	-3160	-2280	16616	21	-3	6	-10380	7160	10424	-102	157	-168	-14400	2840	-7752	6	-10	22	-3744	3312	16440	1	-14	20	131	135	5
-11936	-3392	11208	135	13	-145	-14036	1064	-8316	37	-26	-77	-3048	-2400	16560	17	0	7	-10464	7100	10500	-73	116	-196	-14376	2744	-7560	9	-9	19	-3768	3336	16416	3	-14	19	131	134	5
-11952	-3424	11244	97	32	-119	-14060	1068	-8248	35	-43	-93	-3112	-2464	16504	14	-4	8	-10372	7060	10516	-59	94	-185	-14272	2888	-7792	11	-12	21	-3720	3312	16432	2	-16	16	131	134	5
-11976	-3376	11088	132	-13	-97	-14028	1044	-8396	7	-46	-62	-3072	-2480	16376	18	-1	6	-10464	7056	10352	-64	122	-172	-14240	2848	-7760	12	-8	17	-3720	3216	16504	3	-17	25	132	134	5
-11972	-3444	11160	118	-20	-137	-14044	1100	-8216	22	-14	-92	-3064	-2472	16280	21	-1	11	-10440	7136	10396	-105	106	-203	-14368	2912	-7416	3	-8	20	-3784	3312	16392	-2	-17	21	131	134	5
-11996	-3460	11208	133	-20	-141	-14024	1004	-8212	23	-49	-90	-3056	-2384	16656	21	-3	12	-10412	7168	10252	-75	102	-173	-14392	2968	-7728	-1	-7	19	-3832	3432	16472	-2	-14	20	132	134	5
-11944	-3536	11084	157	-1	-151	-14048	964	-8260	33	0	-44	-3128	-2280	16608	15	-2	8	-10392	7088	10312	-95	100	-201	-14440	2968	-7632	6	-11	22	-3560	3192	16144	1	-13	18	132	134	5
-11968	-3436	11192	124	20	-133	-14024	996	-8272	20	-32	-102	-2920	-2440	16528	20	4	6	-10384	7064	10460	-82	135	-164	-14336	2904	-7896	10	-8	19	-3672	3184	16272	3	-12	18	131	134	5
-11992	-3432	11244	144	-12	-142	-14012	976	-8292	7	-22	-68	-3000	-2368	16432	19	-2	9	-10352	7128	10360	-67	124	-174	-14328	2992	-7536	7	-4	20	-3624	3200	16376	-1	-13	18	131	134	5
-11948	-3448	11200	125	15	-146	-14124	1036	-8248	-25	-3	-95	-3120	-2432	16264	20	-4	10	-10432	7180	10480	-121	132	-189	-14456	3016	-7768	10	-6	22	-3600	3256	16416	-7	-12	18	131	134	5
-11988	-3408	11080	135	15	-185	-14040	1044	-8316	7	-20	-78	-3040	-2288	16656	21	1	5	-10428	7088	10340	-77	126	-181	-14400	3008	-7728	13	-10	22	-3624	3184	16424	-2	-13	13	131	134	5
-11968	-3448	11164	114	55	-116	-14056	1032	-8320	39	46	-86	-3112	-2392	16584	25	-1	7	-10436	7176	10440	-73	134	-209	-14416	2920	-7704	9	-7	20	-3624	3064	16632	3	-11	17	131	134	5
-11956	-3364	11168	146	11	-144	-14008	996	-8216	19	53	-54	-2896	-2360	16848	22	-1	6	-10424	7184	10300	-83	136	-200	-14344	2968	-7824	6	-3	23	-3632	3208	16496	9	-9	15	131	134	5
-11968	-3356	11084	123	18	-132	-14064	1044	-8284	62	-18	-58	-3096	-2376	16584	19	2	8	-10384	7064	10284	-78	129	-191	-14304	2848	-7624	8	-2	23	-3696	3320	16456	8	-17	15	132	134	5
-11996	-3424	11132	115	16	-137	-14080	1024	-8416	46	16	-58	-3008	-2360	16704	19	2	3	-10440	7096	10224	-120	122	-202	-14328	2936	-7848	8	-2	22	-3592	3360	16440	10	-9	18	131	134	5
-11964	-3456	11144	90	-35	-104	-14028	1024	-8324	30	0	-23	-3056	-2400	16480	23	3	2	-10380	7172	10384	-117	163	-195	-14168	2952	-7536	14	-9	20	-3488	3360	16544	5	-13	19	131	134	5
-11996	-3428	11212	139	-6	-79	-14020	1068	-8256	2	9	-62	-3200	-2312	16664	23	-3	6	-10404	7172	10436	-73	127	-171	-14320	2992	-7768	5	-6	19	-3752	3400	16512	6	-12	25	131	134	5
-11968	-3384	11228	130	68	-120	-14072	1048	-8296	14	25	-45	-3280	-2288	16616	23	-1	9	-10400	7160	10460	-121	104	-184	-14304	2984	-7616	3	1	17	-3824	3304	16632	-4	-11	20	131	134	5
-11944	-3464	11148	99	38	-134	-14052	1024	-8372	24	11	-41	-3232	-2432	16512	29	-1	10	-10428	7112	10376	-112	157	-197	-14304	2864	-7752	12	-9	19	-3920	3312	16648	-5	-16	23	131	134	5
-11960	-3380	11084	138	-14	-127	-13980	1064	-8284	49	-25	-54	-3128	-2456	16536	25	0	7	-10452	7068	10436	-114	117	-188	-14256	2960	-7728	13	-8	17	-3768	3232	16512	-2	-14	21	131	134	5
-11972	-3412	11112	148	15	-132	-14100	1040	-8248	80	-3	-20	-3048	-2416	16560	26	0	5	-10388	7132	10408	-88	97	-163	-14408	2880	-7576	11	-11	15	-3776	3144	16632	-7	-10	20	131	134	5
-11980	-3424	11296	113	16	-130	-14080	1132	-8312	29	-3	-59	-3112	-2104	16648	22	2	3	-10380	7120	10368	-99	118	-195	-14384	2888	-7640	8	-10	19	-3784	3216	16448	-7	-10	21	131	134	5
-11944	-3452	11112	110	39	-111	-14080	1096	-8412	71	-3	-43	-3304	-2408	16432	21	1	2	-10396	7104	10372	-98	165	-164	-14416	2864	-7720	5	-13	17	-3744	3120	16448	-6	-15	16	131	134	5
-12004	-3396	11096	127	11	-168	-14068	1008	-8380	78	-7	-36	-3080	-2368	16704	18	1	3	-10416	7208	10440	-66	143	-196	-14240	2960	-7576	4	-8	21	-3712	3112	16400	-2	-19	15	132	133	5
-11972	-3468	11100	114	-8	-131	-14092	1116	-8308	95	27	-62	-3072	-2288	16496	15	-1	4	-10400	7160	10456	-93	124	-167	-14560	2936	-7680	4	-7	21	-3672	3120	16544	3	-10	20	131	133	5
-11928	-3416	11172	101	22	-120	-14060	1072	-8264	66	-1	-88	-3072	-2288	16536	10	1	6	-10376	7112	10428	-81	156	-211	-14368	2928	-7712	6	-4	21	-3632	3056	16504	9	-12	18	131	133	5
-11988	-3412	11168	83	5	-140	-14000	1008	-8352	10	24	-99	-3096	-2376	16648	12	2	5	-10432	7068	10492	-71	159	-182	-14352	3016	-7736	10	-9	26	-3632	3312	16448	4	-16	17	131	134	5
-12012	-3364	11088	99	12	-154	-14108	1044	-8284	1	0	-86	-3120	-2488	16424	18	-6	10	-10392	7172	10416	-101	117	-197	-14440	2944	-7672	8	-8	23	-3704	3272	16528	2	-12	17	131	134	5
-12000	-3480	11232	123	20	-164	-14008	1000	-8328	5	11	-88	-3144	-2288	16688	19	-2	10	-10360	7120	10376	-90	112	-190	-14360	3000	-7736	4	0	19	-3624	3408	16496	4	-10	18	131	134	5
-11972	-3412	11152	165	-24	-153	-14044	1016	-8240	1	-9	-79	-3200	-2392	16600	21	2	12	-10376	7116	10412	-106	128	-216	-14360	2872	-7648	13	-3	14	-3672	3312	16504	5	-10	17	132	134	5
-11936	-3420	11164	136	-1	-131	-14032	1000	-8412	54	-7	-63	-3120	-2576	16720	20	1	11	-10460	7096	10380	-89	134	-215	-14496	2976	-7800	10	-9	17	-3624	3304	16848	2	-12	20	132	133	5
-12040	-3400	11088	176	-3	-134	-14056	1004	-8320	42	-3	-51	-3192	-2344	16560	27	0	11	-10352	7196	10436	-94	130	-201	-14296	2992	-7800	6	-2	15	-3688	3312	16760	-6	-16	20	131	133	5
-11960	-3416	11092	139	46	-134	-14032	1016	-8220	25	-18	-77	-3056	-2424	16472	23	-2	10	-10424	7120	10400	-75	139	-210	-14344	2832	-7720	5	-1	15	-3800	3432	16568	-2	-10	19	131	133	5
-12016	-3412	11236	148	9	-121	-13948	1040	-8412	-1	-14	-46	-3088	-2248	16616	22	2	8	-10432	7096	10384	-88	112	-150	-14488	2952	-7696	12	-5	20	-3784	3216	16664	0	-13	23	131	134	5
-12016	-3368	11132	125	-1	-111	-14028	988	-8284	24	12	-77	-3144	-2448	16352	25	-3	8	-10428	7128	10360	-74	80	-212	-14296	2920	-7728	11	-11	13	-3744	3232	16440	1	-9	28	132	134	5
-11984	-3420	11164	130	-21	-151	-14076	1000	-8292	-7	-29	-86	-3128	-2320	16816	21	-2	5	-10412	7100	10284	-139	138	-188	-14480	3104	-7872	9	-5	12	-3720	3464	16544	-8	-12	23	131	133	5
-12036	-3364	11208	166	-34	-111	-14024	1040	-8352	29	-55	-95	-3016	-2392	16608	16	3	6	-10400	7096	10480	-134	108	-198	-14392	2952	-7808	9	-12	14	-3760	3344	16608	-4	-11	20	131	134	5
-11980	-3448	11116	136	16	-116	-14048	1040	-8296	52	-17	-45	-2968	-2232	16560	15	-2	9	-10432	7060	10436	-115	99	-183	-14408	2840	-7648	8	-1	13	-3720	3184	16416	-11	-8	24	131	134	5
-11944	-3432	11148	122	38	-120	-14032	1012	-8340	46	1	-59	-3112	-2304	16720	17	1	5	-10396	7180	10324	-81	92	-195	-14392	2832	-7832	8	-10	16	-3800	3168	16504	-2	-12	21	131	134	5
-11952	-3392	11064	142	0	-136	-14040	1044	-8260	63	3	-75	-3128	-2448	16424	24	1	8	-10436	7140	10380	-115	117	-215	-14320	2864	-7736	14	-12	13	-3584	3296	16592	-1	-13	23	130	134	5
-11984	-3452	11204	101	28	-107	-14088	1056	-8344	44	37	-85	-3032	-2448	16480	22	0	6	-10428	7132	10384	-122	121	-197	-14368	2880	-7704	15	-8	20	-3688	3136	16480	-1	-10	18	130	133	5
-12064	-3496	11224	128	-35	-120	-14060	988	-8272	-1	-27	-110	-3072	-2448	16544	21	-2	6	-10448	7084	10408	-102	99	-203	-14360	2952	-7832	12	-4	16	-3648	3160	16488	-3	-15	15	131	133	5
-12000	-3424	11188	116	-7	-130	-14040	1088	-8436	62	65	-44	-3232	-2360	16840	17	1	3	-10400	7088	10380	-115	149	-233	-14368	3032	-7640	7	-5	16	-3632	3248	16584	3	-15	16	130	134	5
-11980	-3404	11224	128	-2	-135	-14020	1032	-8432	39	47	-60	-3160	-2560	16400	15	-2	5	-10444	7112	10412	-106	105	-196	-14440	2944	-7704	6	-1	22	-3736	3312	16488	2	-13	17	131	134	5
-12024	-3344	11148	125	13	-145	-14040	1024	-8424	22	22	-51	-3024	-2304	16480	15	-3	3	-10348	7124	10396	-88	128	-171	-14392	2864	-7584	5	-6	17	-3592	3312	16544	2	-13	17	131	134	5
-12020	-3472	11036	120	50	-153	-14040	1012	-8288	48	6	-82	-3232	-2368	16624	21	-1	7	-10400	7056	10332	-101	89	-206	-14512	2920	-7816	6	-5	20	-3744	3136	16688	-4	-14	18	131	133	5
-11924	-3444	11096	129	29	-136	-14016	1032	-8360	25	-9	-70	-3096	-2528	16792	25	1	12	-10388	7068	10372	-113	126	-180	-14320	2840	-7576	7	-5	13	-3760	3208	16496	-2	-11	20	131	133	5
-12044	-3404	11240	125	-19	-132	-14088	960	-8252	-25	-12	-63	-3080	-2328	16560	25	-3	9	-10412	7072	10364	-99	111	-173	-14360	2936	-7864	17	-8	20	-3624	3200	16384	-3	-13	18	131	134	5
-12016	-3432	11100	110	4	-142	-14012	1044	-8368	40	19	-20	-3160	-2328	16632	23	-1	6	-10412	7092	10284	-120	136	-197	-14504	2968	-7928	12	-5	15	-3648	3136	16648	-2	-12	18	131	134	5
-11932	-3460	11124	161	17	-150	-14044	960	-8352	61	-1	-44	-3160	-2496	16544	23	-3	9	-10436	7024	10452	-101	116	-189	-14328	3056	-7776	5	-4	18	-3592	3336	16504	4	-10	20	130	133	5
-11964	-3420	11292	168	1	-135	-14080	1004	-8356	15	1	-18	-3056	-2392	16304	23	-5	8	-10368	7080	10424	-90	135	-164	-14488	2944	-7848	5	-9	20	-3592	3248	16664	1	-14	22	131	133	5
-11984	-3336	11156	150	-59	-123	-14060	1036	-8360	26	31	-31	-3280	-2456	16472	26	-5	6	-10448	7148	10336	-94	106	-167	-14440	3048	-7584	6	-4	20	-3728	3248	16608	5	-9	27	131	134	5
-11980	-3420	11244	125	64	-142	-13972	968	-8364	11	2	-64	-3192	-2288	16632	23	-2	2	-10460	7036	10396	-89	130	-163	-14424	2776	-7768	2	-6	13	-3680	3456	16376	5	-12	21	131	133	5
-11944	-3452	11124	140	-29	-133	-14060	1112	-8360	17	-15	-40	-3144	-2256	16704	22	1	7	-10468	7156	10432	-90	124	-202	-14320	3144	-7864	10	-12	18	-3656	3344	16328	2	-9	25	131	134	5
-12004	-3404	11184	133	63	-152	-14036	1072	-8208	-24	17	-96	-3016	-2360	16768	21	1	8	-10468	7172	10420	-53	104	-190	-14160	3080	-7744	9	-12	19	-3608	3272	16504	-2	-14	20	131	134	5
-12028	-3472	11092	102	60	-152	-14096	1076	-8224	21	11	-90	-3112	-2400	16552	22	2	5	-10408	7144	10336	-124	116	-154	-14392	2904	-7600	11	-6	17	-3608	3072	16456	-4	-13	21	131	134	5
-11936	-3456	11128	127	40	-149	-14064	1064	-8256	92	-7	-83	-3144	-2344	16560	19	2	6	-10376	7100	10292	-92	120	-194	-14304	2864	-7624	13	-6	17	-3568	3256	16456	-6	-13	14	131	134	5
-11988	-3384	11160	134	15	-127	-14068	1004	-8332	87	14	-56	-3096	-2288	16336	19	3	2	-10456	7148	10420	-96	138	-202	-14400	2984	-7896	5	-4	18	-3712	3256	16648	-6	-11	14	130	134	5
-12016	-3440	11216	116	43	-159	-14040	1084	-8252	50	-6	-36	-3048	-2432	16496	18	0	6	-10400	7188	10420	-127	137	-163	-14424	2928	-7832	3	-6	17	-3584	3216	16792	-9	-11	12	130	133	5
-12000	-3472	11076	103	21	-152	-14036	1004	-8348	32	35	-71	-2984	-2448	16616	17	1	10	-10332	7120	10332	-114	121	-186	-14376	2960	-7912	6	-1	18	-3536	3136	16376	-8	-12	8	130	133	5
-11972	-3472	11116	118	-14	-87	-14032	1012	-8132	33	21	-98	-3056	-2368	16376	18	3	9	-10396	7124	10312	-93	130	-161	-14448	2928	-7808	4	0	21	-3704	3256	16480	-2	-16	15	130	133	5
-11988	-3428	11176	119	12	-129	-14108	1012	-8236	22	38	-79	-2920	-2440	16328	20	0	7	-10380	7152	10304	-91	133	-192	-14416	2920	-7704	12	-1	20	-3744	3248	16584	5	-15	18	130	134	5
-11996	-3416	11048	122	23	-108	-14048	988	-8180	74	5	-82	-3064	-2488	16304	20	-1	9	-10404	7144	10500	-96	100	-194	-14424	3016	-7840	7	-3	22	-3728	3128	16584	8	-12	14	130	134	5
-12004	-3480	11108	113	-1	-124	-14048	964	-8288	71	29	-29	-2992	-2408	16560	16	1	6	-10384	7056	10400	-69	141	-174	-14360	2984	-7984	5	2	19	-3832	3312	16496	14	-8	21	130	134	5
-11968	-3392	11020	124	46	-114	-14000	968	-8332	44	15	-11	-3048	-2368	16552	24	3	5	-10364	7080	10388	-118	120	-169	-14328	2848	-7920	8	-5	23	-3760	3256	16456	13	-9	25	131	134	5
-11932	-3392	11212	181	-16	-129	-14080	1044	-8260	4	-6	-63	-3112	-2432	16472	20	4	0	-10436	7132	10332	-78	120	-182	-14472	2904	-7776	18	-10	22	-3592	3224	16648	4	-12	21	131	134	5
-11920	-3448	11072	155	-3	-134	-14056	1032	-8312	-16	23	-17	-2992	-2360	16608	26	6	1	-10372	7212	10384	-118	102	-173	-14512	3112	-7744	15	-12	15	-3656	3376	16472	2	-11	19	131	134	5
-11960	-3384	11176	146	6	-135	-14068	984	-8320	-27	27	-64	-3120	-2216	16680	23	2	6	-10440	7124	10316	-111	112	-201	-14288	2920	-7792	-2	-5	18	-3824	3288	16400	-4	-14	20	130	134	5
-12004	-3416	11124	157	-19	-110	-14056	1040	-8364	-1	-31	-16	-3080	-2416	16616	27	-5	6	-10444	7060	10384	-96	106	-173	-14360	2824	-7824	11	-7	15	-3680	3224	16704	-3	-9	20	131	133	5
-12008	-3428	11228	171	6	-156	-14048	1092	-8336	3	-16	-56	-2992	-2416	16760	23	-3	6	-10420	7024	10408	-89	130	-211	-14408	3016	-7776	14	-14	16	-3608	3240	16624	-5	-14	20	131	133	5
-11980	-3392	11164	136	36	-167	-13972	1120	-8396	46	-17	-12	-3080	-2328	16680	24	0	6	-10388	7104	10412	-112	83	-184	-14256	2928	-7936	11	-15	16	-3760	3304	16432	-8	-13	20	131	134	5
-11960	-3440	11192	142	11	-133	-14056	1116	-8368	5	-5	-54	-3064	-2384	16656	26	0	11	-10408	7136	10404	-115	114	-164	-14472	2976	-7480	9	-6	16	-3632	3104	16392	-10	-13	18	131	134	5
-12020	-3356	11224	152	56	-152	-14032	1064	-8184	-31	-9	-42	-3176	-2432	16584	23	-1	7	-10392	7108	10336	-97	115	-191	-14384	2832	-7720	10	-7	18	-3752	3192	16648	-2	-11	18	131	134	5
-11968	-3388	11228	158	22	-164	-13980	1044	-8256	34	-2	-68	-3016	-2304	16656	21	-2	7	-10444	7092	10308	-79	140	-161	-14480	2968	-7792	9	-9	19	-3624	3128	16328	3	-15	20	131	134	5
-11916	-3484	11164	130	-3	-174	-14068	1052	-8156	32	34	-85	-3000	-2272	16568	17	1	7	-10468	7140	10408	-62	140	-196	-14392	2952	-7656	6	-3	18	-3600	3280	16552	4	-15	17	131	133	5
-11980	-3444	11292	146	-19	-112	-14044	988	-8268	43	19	-31	-3088	-2344	16552	18	-1	12	-10408	7148	10428	-70	114	-217	-14368	2944	-7760	7	-5	23	-3672	3224	16440	7	-16	16	131	133	5
-11944	-3376	11124	112	5	-139	-14028	976	-8276	88	0	-78	-3088	-2384	16616	16	-3	7	-10428	7152	10372	-103	120	-196	-14192	2968	-7648	11	-5	22	-3664	3424	16368	9	-15	18	130	134	5
-11956	-3448	11140	114	3	-147	-14056	1004	-8312	123	8	-98	-3048	-2288	16608	22	-1	10	-10420	7068	10308	-95	114	-186	-14360	2952	-7768	10	-5	18	-3688	3232	16456	5	-18	19	130	134	5
-11968	-3380	11116	84	20	-138	-14124	1028	-8384	30	17	-70	-3232	-2424	16648	16	-7	5	-10356	7188	10392	-88	105	-191	-14368	3032	-8096	8	-6	22	-3624	3272	16624	4	-14	19	131	134	5
-12032	-3428	11088	102	2	-154	-14048	1024	-8356	-11	-13	-55	-3168	-2328	16760	18	1	8	-10428	7132	10400	-109	119	-184	-14320	3072	-7720	11	-9	16	-3656	3240	16544	-3	-16	22	130	134	5
-11984	-3400	11124	131	-22	-133	-14104	1068	-8168	-42	-8	-95	-3088	-2472	16616	21	-2	7	-10456	7168	10292	-105	162	-188	-14392	3104	-7912	3	-6	17	-3712	3312	16200	-3	-12	16	131	134	5
-12016	-3424	11196	111	39	-138	-14064	900	-8264	11	-5	-106	-3040	-2424	16568	21	-7	7	-10392	7092	10352	-92	106	-202	-14456	2888	-7696	7	-5	14	-3792	3256	16672	-3	-12	20	131	133	5
-11988	-3496	11092	145	15	-117	-14064	1076	-8328	105	-16	-11	-3080	-2440	16480	23	-3	9	-10420	7092	10404	-124	122	-182	-14304	2824	-7744	17	-13	15	-3760	3376	16728	-4	-12	24	131	133	5
-11968	-3332	11100	138	-22	-163	-14104	1000	-8328	84	-11	-61	-2952	-2344	16360	24	-1	9	-10384	7136	10464	-108	113	-187	-14416	2912	-7760	13	-14	20	-3744	3312	16528	-1	-16	20	131	133	5
-11940	-3464	11196	159	47	-156	-14044	1012	-8348	76	9	-63	-3128	-2376	16424	24	-4	12	-10372	7196	10452	-74	122	-228	-14408	2928	-7472	10	-7	16	-3584	3384	16576	-11	-16	19	130	133	5
-11932	-3376	11108	140	-5	-153	-14052	1040	-8364	-59	6	-74	-3008	-2296	16680	24	-3	5	-10348	7088	10360	-125	117	-211	-14320	2992	-7864	7	-4	16	-3672	3232	16512	-1	-8	19	131	134	5
-11996	-3416	11068	130	-9	-137	-14080	1028	-8320	-52	29	-95	-3048	-2368	16632	20	1	7	-10380	7104	10432	-113	113	-144	-14288	2792	-7744	6	-5	12	-3672	3256	16232	-6	-12	21	131	134	5
-11928	-3416	11060	139	40	-141	-14060	1040	-8320	-4	-28	-74	-3136	-2296	16512	17	-4	5	-10452	7108	10356	-97	121	-145	-14424	2888	-7824	5	-3	15	-3696	3120	16608	-5	-16	20	131	134	5
-11948	-3400	11148	147	34	-157	-14088	1020	-8360	59	-9	-73	-3120	-2416	16608	17	0	8	-10404	7080	10352	-89	131	-203	-14424	2896	-7832	12	-5	19	-3624	3360	16400	-1	-13	24	130	134	5
-12000	-3476	11156	127	8	-115	-14012	1036	-8352	46	0	-50	-3032	-2480	16512	19	0	12	-10360	7164	10352	-117	137	-226	-14520	3000	-7776	12	-6	14	-3552	3256	16528	-3	-15	21	131	134	5
-12004	-3476	11120	104	-2	-139	-13996	988	-8220	53	-2	-36	-3200	-2448	16336	28	0	10	-10428	7060	10440	-146	134	-165	-14448	2864	-7904	8	-8	15	-3688	3256	16424	4	-12	22	131	134	5
-11996	-3460	11164	111	70	-147	-14024	1060	-8240	30	-18	-98	-3176	-2312	16336	22	-4	11	-10376	7024	10312	-88	127	-176	-14296	2728	-7840	10	-4	18	-3664	3312	16656	0	-12	20	131	134	5
-11940	-3408	11176	133	6	-146	-14016	1028	-8220	-13	8	-114	-3112	-2384	16432	23	-1	16	-10460	7140	10472	-41	105	-173	-14472	2880	-7672	4	-5	17	-3664	3376	16496	1	-13	19	131	133	5
-11956	-3356	11192	108	31	-159	-14064	1048	-8364	-18	11	-67	-3072	-2248	16336	20	3	8	-10392	7172	10344	-105	146	-188	-14416	2872	-7808	9	-5	18	-3768	3264	16624	-3	-14	20	130	133	5
-11960	-3416	11208	100	14	-141	-14104	1020	-8300	56	-10	-96	-2912	-2280	16544	19	0	8	-10384	7116	10324	-76	108	-196	-14384	3032	-7704	8	-11	15	-3560	3208	16368	-3	-14	17	130	133	5
-11976	-3428	11200	132	-41	-150	-14028	972	-8420	93	-31	-91	-3048	-2312	16448	18	-1	7	-10376	7160	10388	-80	121	-195	-14424	2928	-7632	6	-9	24	-3656	3248	16496	-5	-11	16	130	133	5
-12020	-3404	11176	106	-18	-135	-14008	992	-8320	97	-4	-31	-3088	-2536	16552	22	1	6	-10412	7120	10436	-85	107	-167	-14288	2984	-7664	8	-5	20	-3592	3320	16656	5	-13	17	131	133	5
-11988	-3508	11016	143	-11	-134	-14092	964	-8328	75	-33	-83	-3064	-2320	16584	16	0	6	-10388	7140	10420	-99	152	-162	-14304	3080	-7712	12	-9	26	-3560	3176	16504	0	-13	15	131	133	5
-12004	-3516	11168	144	-25	-150	-14100	1032	-8316	52	-2	-95	-3000	-2248	16632	17	-1	11	-10408	7136	10368	-83	126	-160	-14320	3024	-7760	7	-6	18	-3480	3072	16504	4	-11	20	130	134	5
-11988	-3444	11116	126	-4	-140	-14156	1000	-8352	67	29	-70	-3168	-2440	16680	14	-5	10	-10452	7108	10308	-106	151	-204	-14392	3000	-7632	3	2	21	-3584	3152	16568	5	-12	14	130	134	5
-12012	-3444	11184	117	8	-123	-14036	980	-8216	111	14	-62	-3128	-2464	16336	18	-5	10	-10420	7008	10380	-87	179	-207	-14200	2952	-7872	5	-3	22	-3608	3360	16552	4	-13	22	129	133	5
-12024	-3456	11156	117	43	-114	-14072	988	-8256	27	-34	-75	-3088	-2360	16448	14	3	5	-10424	7104	10340	-99	133	-161	-14520	2880	-7960	10	-6	18	-3560	3224	16272	7	-14	20	130	133	5
-12004	-3448	11192	140	52	-135	-14056	1000	-8304	13	23	-77	-3024	-2360	16760	22	0	6	-10420	7132	10368	-70	132	-191	-14384	3088	-7856	11	-8	23	-3744	3408	16384	3	-11	17	130	133	5
-12024	-3396	11204	133	55	-149	-14076	1020	-8288	0	12	-68	-3064	-2344	16744	18	4	5	-10392	7168	10400	-66	124	-191	-14296	3064	-7944	8	-8	17	-3720	3376	16704	5	-12	17	130	133	5
-12032	-3436	11136	137	25	-100	-14040	936	-8428	49	-6	-43	-3120	-2424	16720	23	-5	11	-10380	7140	10312	-101	149	-188	-14376	2936	-7968	13	-8	17	-3768	3288	16568	-2	-12	20	130	133	5
-11964	-3388	11172	140	15	-154	-14080	988	-8428	72	-3	-75	-3040	-2424	16760	26	-1	8	-10416	7132	10364	-74	121	-210	-14336	2768	-7824	12	-8	20	-3784	3336	16320	-1	-15	22	131	133	5
-12060	-3420	11164	137	21	-132	-14016	1068	-8424	46	-24	-44	-3096	-2440	16712	27	1	10	-10348	7164	10320	-84	95	-170	-14336	2888	-7824	10	-13	15	-3608	3128	16464	-5	-10	22	131	133	5
-11996	-3424	11152	144	-26	-134	-14044	960	-8356	-58	-18	-18	-3144	-2496	16488	25	0	10	-10388	7144	10408	-116	78	-158	-14296	2928	-7680	8	-12	20	-3656	3272	16224	-3	-15	21	130	133	5
-12024	-3388	11184	115	9	-152	-14044	996	-8264	-16	17	-64	-3128	-2344	16336	22	-3	5	-10404	7100	10432	-66	94	-154	-14456	2832	-8016	5	-7	18	-3536	3208	16320	-7	-12	24	131	133	5
-11964	-3416	11232	119	-14	-140	-14040	1084	-8260	-2	7	-46	-3064	-2480	16480	22	0	4	-10372	7140	10324	-116	141	-168	-14376	2904	-7984	8	-10	19	-3704	3280	16440	-8	-12	21	131	133	5
-11996	-3412	11124	154	-6	-145	-14116	1040	-8268	64	-33	-85	-2944	-2480	16624	20	3	6	-10360	7124	10408	-110	129	-167	-14360	3024	-7576	13	-11	17	-3600	3136	16440	0	-13	18	131	133	5
-11968	-3512	11144	155	-6	-159	-14128	980	-8360	48	-32	-88	-2992	-2520	16672	22	3	8	-10388	7196	10328	-73	111	-196	-14240	2904	-7712	14	-15	22	-3536	3184	16648	4	-12	19	130	133	5
-11992	-3488	11160	98	3	-155	-14092	1040	-8164	44	13	-66	-3048	-2240	16656	17	-1	3	-10400	7164	10372	-72	126	-198	-14328	2952	-7824	10	-3	23	-3688	3168	16448	2	-15	20	130	133	5
-11976	-3472	11216	110	14	-132	-14012	952	-8244	50	0	-57	-3208	-2312	16320	22	-4	5	-10364	7088	10368	-83	119	-235	-14352	2864	-7504	6	-4	19	-3624	3280	16528	8	-14	18	130	133	5
-11984	-3440	11212	132	19	-154	-14008	984	-8232	24	28	-61	-3000	-2440	16480	16	1	5	-10384	7116	10404	-110	161	-168	-14232	2928	-7696	6	-4	19	-3632	3352	16496	4	-15	14	131	133	5
-11960	-3360	11168	126	7	-141	-14048	1020	-8252	54	55	-46	-2952	-2416	16888	18	1	7	-10332	7064	10340	-88	132	-225	-14384	3000	-7776	10	-2	16	-3656	3336	16488	-4	-16	15	131	133	5
-12000	-3396	11136	161	-23	-141	-14052	984	-8344	32	-2	-67	-3128	-2416	16504	18	-1	8	-10364	7128	10464	-100	130	-169	-14384	3048	-7728	8	3	25	-3640	3288	16384	-8	-13	16	130	133	5
-12016	-3444	10976	127	24	-159	-14012	1044	-8320	66	21	-95	-2992	-2464	16376	19	0	7	-10432	7076	10420	-90	140	-198	-14440	3008	-7832	10	-3	23	-3576	3224	16440	-2	-11	16	130	133	5
-12016	-3416	11172	154	3	-122	-14036	984	-8360	39	29	-63	-3128	-2408	16424	20	0	8	-10388	7120	10412	-90	123	-193	-14360	2960	-7888	12	-3	17	-3664	3280	16544	-2	-10	19	130	133	5
-11924	-3408	11276	136	-28	-149	-14052	1020	-8300	66	37	-84	-3072	-2520	16712	17	-3	9	-10424	7124	10524	-97	119	-194	-14376	2920	-7480	8	-8	16	-3744	3320	16400	4	-13	23	130	133	5
-12004	-3404	11136	122	29	-152	-14076	1036	-8324	14	23	-97	-3192	-2440	16568	20	2	8	-10368	7164	10316	-112	87	-167	-14328	2800	-7648	14	-6	15	-3696	3328	16528	2	-9	23	130	133	5
-12024	-3436	11156	120	-8	-127	-14072	956	-8384	60	6	-59	-3040	-2344	16736	19	-1	7	-10408	7064	10388	-88	139	-206	-14432	2944	-7712	10	-3	13	-3792	3272	16488	1	-10	20	130	133	5
-12012	-3392	11244	115	39	-147	-14100	1068	-8280	91	27	-57	-3168	-2424	16496	20	-1	5	-10396	7124	10384	-97	95	-171	-14392	3008	-7720	9	-9	20	-3672	3416	16632	-3	-12	18	130	133	5
-11992	-3456	11148	150	-6	-105	-14052	996	-8340	2	-6	-45	-3144	-2288	16488	25	-1	3	-10364	7064	10408	-122	107	-173	-14376	2840	-7712	9	-6	17	-3664	3232	16344	-4	-15	19	131	133	5
-11924	-3388	11060	118	-28	-143	-14052	1004	-8304	56	-12	-10	-3216	-2384	16376	22	-1	5	-10340	7112	10296	-122	98	-220	-14504	2928	-7864	12	-6	14	-3632	3304	16416	-7	-15	23	130	133	5
-11988	-3392	11184	117	-20	-118	-14068	976	-8296	-4	-6	-23	-3216	-2312	16496	23	-2	7	-10416	7136	10304	-99	118	-178	-14472	3024	-7680	6	-4	17	-3680	3152	16616	-4	-13	18	130	133	5
-11996	-3404	11124	119	-3	-118	-14104	992	-8292	-9	-32	-50	-3080	-2296	16312	28	-1	7	-10436	7108	10244	-85	85	-179	-14168	3000	-7728	10	-9	16	-3784	3080	16576	-9	-9	19	130	133	5
-11924	-3404	11112	120	11	-128	-14092	1084	-8352	42	1	-77	-3024	-2312	16648	21	1	11	-10400	7104	10372	-75	124	-163	-14320	3072	-7832	8	-10	16	-3864	3312	16592	1	-15	21	130	133	5
-11936	-3440	11128	109	-10	-163	-14048	1032	-8272	-25	-19	-83	-3056	-2272	16600	23	0	11	-10448	7168	10428	-118	136	-165	-14376	2928	-7888	7	-10	14	-3632	3248	16440	0	-15	18	130	134	5
-11988	-3420	11148	118	-13	-148	-14044	1052	-8260	10	2	-47	-3024	-2424	16608	23	-2	12	-10380	7144	10360	-64	137	-166	-14560	2888	-7584	8	-7	22	-3688	3184	16352	7	-16	16	130	134	5
-11964	-3460	11240	150	-16	-137	-14004	936	-8228	30	-4	-49	-3088	-2440	16496	21	-2	10	-10448	7124	10412	-69	130	-171	-14440	3008	-7768	10	-5	19	-3496	3352	16832	9	-15	19	130	133	5
-12064	-3364	11188	148	3	-130	-14028	912	-8348	52	-14	-81	-3152	-2472	16256	23	-2	5	-10352	7148	10400	-33	121	-164	-14368	2944	-7568	9	-8	19	-3632	3240	16552	6	-14	14	130	133	5
-11964	-3484	11104	126	48	-124	-14032	1084	-8284	35	-15	-64	-3128	-2320	16632	26	-1	9	-10376	7120	10392	-71	153	-185	-14272	3048	-7936	4	-5	21	-3728	3296	16632	1	-13	18	130	133	5
-11964	-3464	11132	133	-27	-158	-13996	1064	-8296	-57	-29	-68	-2960	-2352	16912	20	-1	6	-10436	7076	10340	-70	124	-187	-14392	3016	-7800	5	-10	21	-3488	3160	16360	-2	-10	17	130	133	5
-11936	-3440	11172	110	7	-150	-14040	1012	-8256	-44	5	-61	-3056	-2320	16768	14	-3	6	-10380	7084	10376	-50	143	-177	-14424	2928	-7512	11	-4	16	-3576	3472	16416	-6	-15	20	130	133	5
-12000	-3428	11228	118	58	-147	-14076	1004	-8220	17	19	-57	-2952	-2400	16488	22	0	10	-10348	7220	10368	-92	103	-161	-14400	2944	-7696	8	-11	18	-3736	3392	16440	-2	-9	22	130	133	5
-12016	-3464	11188	139	-10	-129	-14032	944	-8348	92	-6	-64	-3080	-2392	16648	20	-1	9	-10400	7056	10300	-115	124	-173	-14416	2888	-7448	9	-11	17	-3904	3264	16584	3	-5	22	130	133	5
-12036	-3428	11176	94	39	-136	-14028	1060	-8268	79	-8	-50	-2992	-2536	16304	24	5	4	-10412	7164	10356	-110	99	-184	-14272	3088	-7416	11	-6	15	-3320	3320	16616	1	-8	27	130	133	5
-11936	-3456	11092	106	8	-167	-14128	1024	-8400	98	-4	-44	-2936	-2360	16544	30	0	8	-10392	7088	10328	-112	97	-206	-14504	3088	-7792	10	0	16	-3488	3208	16448	-1	-9	17	130	134	5
-11988	-3448	11312	123	10	-117	-14036	1008	-8204	63	49	-62	-2984	-2392	16536	20	0	6	-10448	7088	10348	-115	119	-189	-14392	2984	-7888	4	0	16	-3712	3240	16424	2	-9	13	130	134	5
-11960	-3440	11204	121	-13	-148	-14048	976	-8296	88	48	-4	-3072	-2304	16664	16	1	7	-10372	7064	10356	-117	116	-188	-14456	2816	-7552	6	-2	18	-3608	3184	16328	-1	-9	15	130	134	5
-12004	-3464	11180	104	-6	-100	-14060	964	-8332	93	40	-64	-3184	-2304	16600	17	-2	8	-10416	7084	10424	-79	154	-222	-14480	2872	-7856	8	-3	17	-3592	3224	16432	5	-9	19	130	134	5
-11940	-3488	11104	83	21	-115	-14000	984	-8360	24	44	-57	-3184	-2328	16656	17	4	8	-10424	7128	10356	-98	98	-207	-14568	3096	-7768	8	-3	19	-3584	3200	16488	-2	-9	18	131	134	5
-12008	-3420	11224	105	17	-111	-14032	1012	-8380	5	50	-87	-3200	-2344	16504	23	3	14	-10336	7124	10408	-114	118	-217	-14296	2936	-7720	10	1	16	-3544	3328	16728	-4	-7	17	130	134	5
-12016	-3448	11216	152	3	-123	-14016	1004	-8276	-13	33	-85	-3184	-2448	16528	20	3	11	-10360	7096	10444	-120	113	-218	-14352	2944	-7768	6	2	16	-3704	3248	16544	-3	-8	24	130	134	5
-11952	-3452	11004	182	-15	-96	-14068	1012	-8252	27	29	-62	-3168	-2320	16536	18	0	9	-10448	7092	10292	-77	113	-230	-14280	2888	-7656	9	-4	13	-3760	3312	16544	-2	-9	25	130	134	5
-11976	-3436	11120	127	2	-153	-14048	972	-8300	54	-19	-84	-3128	-2384	16800	21	2	11	-10376	7136	10368	-101	125	-166	-14264	2944	-7632	11	-4	15	-3568	3192	16376	2	-11	26	131	133	5
-12024	-3428	11032	122	33	-113	-14124	1016	-8380	44	-15	-69	-3088	-2400	16512	26	3	9	-10404	7128	10256	-52	84	-186	-14328	2976	-7792	11	-6	16	-3840	3136	16560	2	-14	25	131	134	5
-12028	-3436	11024	133	-7	-141	-14092	984	-8316	33	18	-69	-3144	-2384	16432	26	-2	7	-10404	7112	10300	-85	120	-161	-14392	2840	-7712	1	-8	15	-3792	3224	16552	13	-9	25	131	134	5
-12000	-3440	11116	149	3	-143	-14024	1016	-8400	-38	-11	-19	-3032	-2344	16536	22	-1	8	-10388	7116	10388	-75	135	-191	-14392	2832	-7800	9	-10	18	-3544	3224	16592	1	-12	25	131	133	5
-11968	-3400	11212	148	10	-111	-14032	1048	-8292	-19	-4	-45	-2984	-2216	16528	24	1	4	-10388	7184	10396	-102	95	-195	-14344	2904	-7656	12	-11	17	-3720	3136	16592	0	-10	22	131	134	5
-11952	-3516	11020	137	-11	-158	-14052	988	-8244	33	-28	-73	-2864	-2352	16600	17	0	7	-10396	7124	10296	-91	119	-204	-14264	2904	-8000	6	-6	17	-3672	3160	16352	-3	-14	15	131	134	5
-11972	-3496	11184	128	31	-136	-14000	1076	-8272	47	9	-70	-3016	-2448	16832	19	0	2	-10400	7084	10428	-129	143	-215	-14256	2840	-7696	8	-6	16	-3680	3168	16496	-4	-11	15	130	134	5
-11956	-3396	11228	129	5	-152	-14092	1012	-8384	85	11	-56	-3168	-2400	16544	19	-4	3	-10412	7124	10376	-79	135	-167	-14304	2944	-7672	9	-8	20	-3680	3344	16760	-1	-16	12	131	134	5
-12004	-3460	11004	134	-19	-140	-14052	976	-8228	97	20	-66	-3152	-2328	16632	19	-1	3	-10404	7104	10436	-77	116	-179	-14424	2992	-7680	6	-5	18	-3736	3264	16424	-3	-13	13	130	134	5
-12020	-3528	11296	121	-15	-89	-14112	1064	-8300	17	15	-75	-3024	-2384	16496	20	2	11	-10400	7172	10288	-72	114	-208	-14472	3016	-7856	7	-4	19	-3464	3128	16800	-8	-11	19	131	134	5
-11932	-3440	11112	97	-4	-122	-14040	1016	-8296	-24	5	-86	-2992	-2440	16616	16	-1	7	-10392	7120	10384	-47	121	-201	-14384	2968	-7904	5	0	16	-3704	3128	16536	-6	-17	13	130	134	5
-12028	-3448	11196	140	-33	-118	-14112	1016	-8200	13	2	-103	-2968	-2456	16624	18	-1	11	-10364	7132	10336	-106	160	-213	-14352	3024	-7656	8	-2	17	-3560	3264	16312	-2	-14	19	131	134	5
-11996	-3356	11228	132	48	-142	-14068	1024	-8276	47	68	-68	-3168	-2528	16528	19	-4	8	-10436	7100	10332	-92	114	-165	-14408	3120	-7760	6	-5	19	-3728	3256	16616	5	-13	21	130	134	5
-11980	-3432	11084	140	-41	-131	-14096	972	-8424	59	14	-33	-3112	-2496	16760	23	3	4	-10384	7096	10368	-102	94	-203	-14288	2936	-7720	9	-5	14	-3728	3168	16440	4	-13	19	130	134	5
-12000	-3436	11184	118	-19	-121	-14108	956	-8344	64	18	-35	-3152	-2296	16432	21	-1	7	-10396	7096	10352	-130	123	-175	-14424	3064	-7792	12	-10	16	-3664	3328	16400	8	-10	23	130	134	5
-11988	-3392	11208	129	14	-102	-14096	1060	-8340	23	-9	-31	-3064	-2384	16800	26	0	5	-10468	7128	10372	-134	149	-185	-14448	2920	-7776	12	-5	18	-3576	3328	16400	-4	-8	21	130	134	5
-11992	-3428	11168	132	-4	-117	-14092	1000	-8264	-26	-9	-52	-3184	-2248	16536	28	-3	4	-10412	7132	10420	-129	114	-176	-14248	2928	-7504	8	-4	15	-3736	3200	16432	-7	-11	17	131	133	5
-12024	-3496	11168	127	19	-115	-14096	1028	-8224	-16	37	-45	-3184	-2264	16768	20	-1	5	-10440	7068	10460	-86	144	-173	-14400	2968	-7600	6	-7	16	-3632	3296	16696	-6	-10	21	131	134	5
-11944	-3400	11060	155	15	-140	-13996	1032	-8364	3	1	-60	-3088	-2408	16728	21	-3	5	-10432	7176	10344	-78	109	-209	-14328	2960	-7600	6	-2	16	-3696	3272	16560	-9	-8	22	131	134	5
-11932	-3384	11192	95	-15	-158	-14004	1052	-8424	51	7	-80	-3088	-2280	16272	15	-2	4	-10400	7060	10368	-128	115	-178	-14400	2784	-7936	16	-10	16	-3664	3048	16528	-2	-13	21	131	134	5
-12040	-3384	11112	144	-4	-112	-14016	1028	-8332	54	-52	-71	-3040	-2280	16384	17	-2	9	-10416	7132	10316	-100	152	-169	-14336	2904	-7720	16	-13	21	-3600	3056	16648	-4	-16	21	131	133	5
-11984	-3440	11132	135	33	-154	-14052	1032	-8248	18	-10	-73	-3144	-2272	16472	23	1	11	-10368	7100	10472	-135	131	-169	-14392	2888	-7744	8	-8	17	-3688	3256	16528	-1	-15	19	131	134	5
-11904	-3464	11160	160	-13	-162	-14068	996	-8260	-22	-27	-58	-3024	-2416	16584	26	-4	13	-10412	7072	10324	-110	141	-160	-14376	3072	-7800	6	-8	15	-3632	3232	16544	1	-13	21	131	134	5
-11940	-3416	11240	126	16	-139	-14028	976	-8196	2	-6	-76	-3040	-2400	16688	18	-2	8	-10420	7112	10340	-66	117	-185	-14416	2944	-7696	5	-8	20	-3592	3232	16688	4	-17	17	130	134	5
-12020	-3428	11172	141	-24	-107	-14116	980	-8292	39	-28	-92	-2992	-2288	16440	18	0	9	-10396	7156	10360	-109	155	-198	-14424	2984	-7616	6	-4	22	-3584	3280	16200	1	-16	20	131	134	5
-11952	-3428	11220	117	7	-120	-14036	972	-8224	-2	-6	-74	-3136	-2432	16512	15	-3	6	-10368	7084	10336	-43	122	-170	-14352	2880	-7552	9	-5	19	-3776	3168	16576	-1	-19	18	131	134	5
-11972	-3456	11080	119	-38	-130	-14080	980	-8200	28	-3	-54	-3024	-2368	16648	15	-2	3	-10408	7064	10404	-108	128	-199	-14392	2928	-7632	12	-11	26	-3688	3384	16384	2	-19	20	131	134	5
-11960	-3416	11216	140	34	-180	-14044	952	-8352	6	1	-108	-2984	-2448	16600	25	-1	3	-10364	7092	10412	-68	125	-204	-14488	2920	-7744	20	-14	24	-3568	3104	16512	-6	-14	17	131	134	5
-11952	-3440	11216	124	77	-171	-14140	980	-8328	14	33	-62	-3016	-2384	16632	22	-5	6	-10456	7164	10348	-92	125	-180	-14408	2872	-7576	7	-6	23	-3872	3248	16536	5	-17	12	130	134	5
-11972	-3472	11144	112	26	-104	-13992	1016	-8256	36	30	-54	-3096	-2528	16528	19	-3	2	-10440	7100	10304	-107	114	-179	-14472	2864	-7808	5	-10	23	-3656	3184	16312	0	-16	12	130	134	5
-12012	-3440	11144	136	-22	-137	-14028	972	-8400	43	48	-17	-3072	-2424	16328	23	1	0	-10444	7060	10340	-89	127	-171	-14416	2880	-7928	15	-14	27	-3640	3200	16560	4	-18	15	131	134	5
