#Activity	running 
#ActivityID	2 
#Date 09-07-16-36
acc_rf_x	acc_rf_y	acc_rf_z	gyro_rf_x	gyro_rf_y	gyro_rf_z	acc_rs_x	acc_rs_y	acc_rs_z	gyro_rs_x	gyro_rs_y	gyro_rs_z	acc_rt_x	acc_rt_y	acc_rt_z	gyro_rt_x	gyro_rt_y	gyro_rt_z	acc_lf_x	acc_lf_y	acc_lf_z	gyro_lf_x	gyro_lf_y	gyro_lf_z	acc_ls_x	acc_ls_y	acc_ls_z	gyro_ls_x	gyro_ls_y	gyro_ls_z	acc_lt_x	acc_lt_y	acc_lt_z	gyro_lt_x	gyro_lt_y	gyro_lt_z	EMG_r	EMG_l	act
-11864	1104	11060	153	989	762	-5864	7664	20104	-2460	4635	-260	22352	32767	-32768	-7101	12	3685	-17504	12024	16944	-1960	-5911	2555	-16912	4152	-19080	-3244	-3649	-685	-32768	8824	-22808	-3464	-5178	-573	175	96	2
-20596	-18424	6768	-545	1881	199	2400	-28488	-13600	-4161	614	943	-32768	-32768	-32768	-8975	4609	6782	-17096	8840	7768	-744	-6286	3165	-18576	2760	-18536	-3284	-3950	-656	-32768	3216	-32768	-1566	-4434	-891	192	0	2
-17708	-9896	15528	-459	1968	584	-25288	-29024	-24400	-1777	-121	1635	-32768	-4472	-32768	4391	3139	1161	-23624	10096	10312	-152	-6556	3207	-8512	2640	-19680	78	-6592	-456	-21792	7024	-32768	159	-3689	-820	135	117	2
-9048	-12188	28092	-10	3009	1968	-32768	-26312	-2504	-155	-434	1918	-32768	-12456	-2872	685	3745	2816	-30456	11024	11856	291	-7127	3198	-13200	4872	-20352	624	-7407	-168	-14400	19032	-32768	-1779	-5315	-866	117	176	2
-9828	-15024	29496	172	5317	2787	-32768	-32768	20272	-788	-160	3575	-32768	-8304	6720	776	4675	2759	-31936	12968	8920	487	-7710	3096	-13392	1744	-21664	726	-7941	273	-360	4704	-31760	-3982	-4371	-613	131	144	2
-1132	-12116	27412	-659	6490	3963	-32768	-32768	21304	-797	133	2139	-32768	6552	22888	181	4987	1838	-32768	12488	2216	303	-7565	3303	-9216	3632	-23344	438	-7922	1010	14272	-10328	-21136	-3071	-1853	-345	134	114	2
-19228	-15884	19016	-1249	9446	5556	-29000	-25072	32767	-1570	375	598	-32048	-13088	32767	-1134	4515	1890	-32768	11248	-1224	236	-6319	3722	-10592	5472	-23560	-847	-7438	1647	12520	-4568	-15808	-1213	-10	-626	119	87	2
-32768	-17828	21280	-2110	9096	5676	18968	-20912	17896	-3305	-1120	1995	-5312	-18720	32767	-1017	2805	1372	-32768	9352	-1064	430	-4708	4147	-18696	1216	-32104	-2279	-6782	1844	15584	-7176	-14704	-18	-50	-601	141	75	2
-32768	-16404	13256	-3342	6316	5536	10664	-18256	-8664	-1850	506	1796	-5544	-25296	28184	-506	-124	791	-32768	-544	-8832	1188	-3544	4571	-21952	-6816	-32768	-2465	-5863	1626	5912	-3224	-3112	1051	-974	-773	124	71	2
32767	-20292	-3196	-2656	5001	5690	-3960	-21760	5184	-2262	2214	3473	-11472	-27904	24376	1064	-467	-341	-32768	-7960	-16928	1503	-2717	4973	-11928	-1984	-32768	-1319	-4216	1210	-4120	320	7112	1245	-1556	-628	129	72	2
-32768	-32768	17572	1838	2073	3092	-13960	-31848	-1832	-1578	3780	3287	-3320	-6288	14840	1501	-380	-365	-32768	-19952	-31312	1082	-2090	4229	888	-1448	-32768	13	-2615	510	-9792	568	13888	1327	-2721	-169	114	71	2
-26424	-23916	19104	4479	1349	2163	-12728	-26528	8688	857	5366	2080	-8760	-6760	4344	1510	-725	-152	-32768	-16264	-32768	141	-1826	1283	3960	8392	-32768	2019	-140	653	-3824	-2632	15184	904	-1729	584	128	62	2
-16336	-9572	26108	3268	1710	2077	-18480	-22328	22896	1220	5955	1881	-6664	-6304	10936	2854	-1802	-310	-32768	-19296	-32768	608	-1441	-2382	3752	-632	-32768	2633	1440	1024	8528	-1280	9928	2099	3480	1482	120	79	2
-12392	-10572	32488	467	2224	2285	-21928	-16136	23824	151	4940	2254	-7824	8024	15464	3139	-2406	-653	-32768	-20200	-24848	3600	-400	-2290	1600	-19488	-29712	2307	2808	500	10000	-856	-27384	4319	6081	1444	120	74	2
-18744	-18100	32767	-924	1571	1884	-22344	-11960	17680	-1964	2883	1936	-15408	11784	11072	1312	-2546	19	15320	-15600	-29960	3924	2521	-527	4392	-20456	8480	2462	2378	224	6072	11576	-32768	4957	2413	549	133	96	2
-19308	-22732	31052	-347	343	1465	-16672	-14424	11264	-2957	1540	1079	-18288	9600	12016	-29	-2577	30	2888	1328	9528	2322	8453	2	21152	5576	4760	-314	546	-220	21216	9448	-32768	1487	2496	-326	126	253	2
-16328	-17412	27056	398	-827	770	-18992	-12104	6704	-2606	1273	754	-26320	5280	9600	-393	-2566	-316	-32768	32767	-28904	-14180	-8630	-1723	-32768	32767	-32768	-27519	5110	-543	-32768	32767	7968	-6198	4275	-679	113	250	2
-9520	-6112	31792	-321	-1290	-106	-21304	-12920	1696	-1555	391	280	-32768	-27608	-7840	-1633	-1918	364	18464	-32768	32767	776	2288	1486	-32768	-32768	-10648	-1637	6987	-6065	-26848	-32768	-27512	-4083	1840	3510	155	0	2
-8940	-10080	32360	-415	-1328	-275	-32768	-31024	-2080	-614	-1377	476	-32768	-6600	-20424	2348	-2853	-1677	-32768	14416	-7008	745	1347	-1321	4352	25352	-32768	2365	2889	-152	32767	-32768	-32768	4571	4167	3194	194	0	2
-13980	-18476	20760	826	-4965	-2240	-13416	-14600	-12344	3009	-2104	-1866	-32768	-2840	-25128	2273	-4960	-1709	-5736	32767	14808	1434	1794	766	-24304	23704	-5504	-1973	3738	247	-13024	5800	-32768	7452	-633	-2129	190	0	2
-14616	-5848	12928	-224	-6454	-3900	-15288	2072	-11312	4117	-3334	-2219	-32768	8208	-28240	1840	-5357	-1356	-11200	-10440	21440	1051	2436	-591	-32768	-12416	-32608	1378	1888	922	-32768	32767	-32768	1809	8604	-504	139	250	2
-19012	-4036	5808	-871	-7144	-4330	-6944	-1504	-13024	3592	-4850	-2345	-18504	11080	-29536	207	-5101	-1405	-1008	10496	30488	854	3754	-1414	-32768	17360	-11248	2642	1497	272	-31400	9632	-3448	-1884	4009	-1153	141	254	2
-19188	-2028	6256	-1665	-7267	-4079	-10904	-2872	-10312	3294	-6043	-2876	-9440	-704	-25904	-590	-4161	-555	912	9864	30272	932	6241	-1862	-32768	6424	3072	1408	232	-1084	-32768	16560	-2680	-381	4209	374	167	0	2
-25784	-2712	9544	-2825	-7406	-3718	-18488	-4840	-9480	2357	-7097	-3002	-9104	2744	-25352	753	-3475	-275	1064	5576	25784	1404	8093	-2081	-32768	-5504	13512	1066	1435	589	-32768	-520	21488	-1130	4121	2124	167	0	2
-28100	-4372	8888	-3773	-7317	-3580	-21472	-3120	-12368	1174	-7575	-3410	-2016	6408	-26216	1137	-2166	-281	-12864	7184	23120	1512	10291	-3287	-32768	5600	25184	1386	-367	470	-32768	-17032	32767	-619	3939	1810	89	200	2
-32768	-6220	2832	-3809	-6605	-4432	-20136	1456	-19736	814	-7156	-4049	10376	16008	-21872	942	-1221	-75	-32768	12760	22600	2870	9881	-3211	-14224	7240	23064	3098	298	87	-10888	-11176	32767	91	1124	253	153	0	2
-32768	-3508	-2624	-3080	-4838	-5719	-18536	1248	-25320	1498	-6010	-4694	19448	10784	-21768	-681	-885	-362	-31672	15120	14848	4510	8213	-3052	-10632	20440	8168	1519	1705	-757	-16936	5592	30120	2057	-821	125	163	0	2
-32768	1400	-13636	-2138	-2767	-6784	-22480	5288	-32768	2903	-3939	-5027	13776	10096	-18680	-989	-778	-220	-19472	29608	7344	4105	5381	-3584	-21776	9448	2064	712	3334	-967	-19608	12536	32216	-428	92	-79	145	1	2
-32768	16760	-17472	-2118	-877	-7246	-32768	18504	-32768	3455	-2386	-4992	6832	9512	-6904	-812	-683	70	-32768	32767	25736	802	3816	-3747	-25184	11864	-1256	-36	4811	-1390	-2776	-984	23232	-1435	-74	-407	154	0	2
-32768	31684	-21752	-3327	561	-6722	-32768	20440	-32768	2578	-1762	-3464	472	3384	2288	-1490	-1361	-400	-21224	25880	28752	-1312	2301	-2213	-26320	2904	15288	-1074	4452	-958	-3624	-7792	18392	-1879	-630	-377	160	1	2
-32768	32767	-23876	-3347	803	-4505	-32176	28416	-32768	-605	-1739	-1219	-3384	952	16000	-1769	-1564	-375	-20456	6528	31120	-70	1956	-1857	-27864	-7184	18336	475	3977	-1031	-10200	-6120	9024	-753	-1465	-621	97	253	2
-32768	29848	-22708	-1925	-830	-667	-27840	17408	-32768	-3470	-1636	408	4232	2424	6616	-2503	2208	146	-15568	13840	32767	1776	1488	-2196	-28192	4536	18872	2076	4047	-1184	-10832	-12160	11288	629	-1697	-648	16	253	2
-32768	27640	-18200	-1873	-2282	2362	-17536	16224	-25360	-3919	123	1491	5192	1416	4016	-2830	3073	207	-17232	25016	32767	1551	714	-2893	-28312	3392	14504	1598	3724	-884	-14752	-11800	14752	1272	-1287	-640	0	253	2
-32768	-5856	-32768	2118	2546	3355	12032	-11024	8976	-1425	1545	1656	-10472	9544	-11136	-2272	2646	1279	-20184	29088	32767	617	-711	-2247	-29336	552	8456	1419	3339	-615	-16096	-9376	14168	1424	-1316	-663	101	26	2
-32768	-32768	-32768	10290	-4123	6891	28440	-32768	-32768	-2943	-1970	2094	-32768	-32768	-10016	-4195	2884	793	-17712	26904	32767	-153	-1847	-990	-31064	464	-2344	1261	2071	-272	-32768	13096	-2912	2216	-664	-1334	198	10	2
-14816	-19744	7668	-183	1578	677	-18264	-20528	-25312	-4637	-138	1095	-32768	-32768	-32768	-6285	4750	5577	-14240	4968	9344	-330	-6585	2599	-13360	-10128	-15656	-1656	-5648	-30	-32768	4488	-29224	-775	-4674	-1129	194	23	2
-13992	-13468	15944	-78	2024	1101	-19656	-28168	-14568	-240	73	1438	-32768	-9032	-31984	2497	3795	1961	-23344	9352	9552	616	-6787	2788	-9624	3408	-18432	773	-6579	177	-23608	8288	-28344	-24	-4398	-1034	119	253	2
-9624	-7808	30456	446	3845	2001	-32768	-26432	-8008	-183	-373	2604	-32768	-15272	-7528	579	5367	3162	-31312	12816	10840	975	-7186	3119	-11824	4112	-20456	838	-7255	476	-12656	18336	-31768	-1718	-4307	-915	0	253	2
-11724	-15796	32767	439	5617	3314	-32768	-32768	18800	-344	-107	2920	-32768	-968	10888	1724	4843	2800	-32112	14200	8232	841	-7670	3559	-13872	3408	-19200	573	-7625	954	-560	9120	-29768	-3594	-4224	-676	47	253	2
-6680	-22208	25664	-201	6409	4322	-32768	-32768	23368	-43	481	1767	-32768	9760	31600	-182	5173	1737	-32288	12544	3336	796	-7347	3904	-9968	3368	-21016	137	-7705	1615	10720	-4680	-21128	-2847	-1751	-557	113	162	2
-19968	-18352	22496	-169	8854	6176	-14888	-17096	30544	-827	14	785	-23216	-17840	32767	-795	4508	1415	-32768	13352	2864	754	-6211	4281	-12808	6456	-22216	-955	-7420	2093	14768	-2320	-15984	-1596	-727	-969	127	28	2
-27876	-23032	18116	-894	7980	5918	31848	-26720	11232	-2099	-649	1409	1120	-10688	32767	-2066	2241	1478	-32768	12272	2680	760	-4720	4808	-22048	2024	-31112	-2267	-7029	2221	15456	-1488	-17312	-1220	-341	-889	150	45	2
-32768	-7000	8812	-1184	6456	5696	-3960	-21344	-4912	-1072	1943	2399	-8176	-32768	23888	914	-396	91	-32768	4600	-4880	861	-3502	5651	-23872	-6104	-32768	-3043	-6107	1837	3064	-3360	-6920	997	-1403	-728	134	71	2
-32768	-11764	-18124	1781	6564	5182	-15752	-20192	-6360	-1605	2881	2935	-9016	-22600	22432	1547	-365	-573	-32768	-7032	-14896	1299	-2670	6641	-12760	-9712	-32768	-2226	-4992	1077	-7960	5632	3856	820	-2508	-556	109	135	2
-32768	-22308	14688	2445	4782	3795	-8112	-32768	3320	-65	5277	2409	-7360	-9432	11544	2219	42	-458	-32768	-18752	-28392	693	-1767	6289	-2288	-5912	-32768	-757	-3188	390	-2088	-704	11400	751	-3237	-391	117	96	2
-20612	-6948	23324	4356	2358	981	-19520	-22560	16640	1835	6657	1741	-9544	-1568	1368	3030	-807	-503	-32768	-28800	-32768	312	-1210	2894	4424	-1080	-32768	1721	-1205	539	5152	-12808	20872	931	-1548	495	117	100	2
-12264	-2060	30736	1596	3579	1254	-24688	-12600	25840	1194	6026	1577	-7360	3008	17584	3559	-2342	-657	-32768	-31376	-27760	2604	-1468	-947	8048	-10200	-32768	2181	808	450	6944	-14736	20664	1214	-631	666	120	106	2
-19492	-9316	32767	-615	3429	1454	-27008	-10504	22352	-934	3837	1892	-13536	17928	13976	2476	-2332	-440	-32768	-13920	-24768	4299	-1813	-1458	3488	-20104	-26480	2846	2824	150	15536	-2000	-32768	6029	6509	1371	117	102	2
-25316	-13772	32767	-992	1510	1237	-25480	-13184	15024	-3267	1694	1183	-18264	13504	11600	86	-2462	316	25648	-14768	-16552	1754	2042	-1434	1928	-7800	648	2570	2061	285	8864	10280	-32768	4947	1328	-144	129	75	2
-20412	-10676	32767	-730	-286	1092	-23480	-13528	11576	-3596	843	935	-23096	8488	12744	-663	-2501	147	-32768	32767	32767	-15700	-3686	-5843	17728	32767	-32768	-6627	4130	-300	-13424	8208	32767	-6092	-6821	-747	119	253	2
-17608	-3580	32767	-1174	-1420	925	-25488	-6816	2552	-2869	109	738	-32768	-27480	-4864	-1725	-2304	717	11160	-32768	32767	-2126	-1709	-16335	-32768	-32768	-24248	-22819	11654	2666	-32768	7776	12976	5788	4721	-509	128	113	2
-16676	-18880	32767	-969	-2127	224	-32768	-28424	2224	-1828	-1042	898	-32768	-20048	-12760	1219	-2981	-710	-29328	32767	-13448	109	1528	2674	32767	32767	-32768	113	5929	1925	32767	-32768	-10696	749	1586	4719	122	253	2
-21624	-23788	29156	696	-4339	-1078	-18144	-27048	-12040	1389	-1796	-694	-32768	-8544	-20048	3018	-4570	-1692	6856	-10312	21184	653	976	8	-14384	-32768	232	-1125	5318	-436	4184	-11920	-32768	5311	2176	-824	118	192	2
-15360	-7940	16296	758	-6355	-2980	-15616	-2128	-14696	4511	-2565	-2140	-32768	-4008	-25536	2185	-5277	-1190	1064	-9008	19896	882	1126	269	-31640	20024	-32768	237	3416	234	-32768	32767	-32768	1967	4691	-3182	122	174	2
-15608	-3148	8336	-138	-6984	-3675	-13248	296	-12280	4407	-4154	-2026	-32768	3288	-32768	1445	-4960	-1203	-13240	17280	13736	700	2704	-580	-32080	19376	-22672	1254	1831	-205	-32768	20816	-21968	-2435	5049	-231	110	192	2
-23932	-3136	8524	-1326	-7291	-3516	-12488	-4424	-14584	3693	-5779	-2100	-20296	4240	-32768	729	-5129	-752	-4880	5016	26552	505	4590	-1823	-32768	8408	-18208	1919	1487	-1052	-32768	13008	-4384	559	3542	-1802	129	175	2
-30748	-5224	12212	-2337	-7849	-3389	-18576	-5424	-13248	2702	-7436	-2553	-11320	1784	-29080	552	-4254	-24	-3288	2344	32408	485	6709	-2158	-32768	968	3432	941	1254	-845	-32768	8544	4712	-789	4467	563	144	38	2
-32768	-3888	11728	-3697	-8320	-3317	-22488	-4360	-14416	1299	-8501	-2988	-4008	7936	-26720	819	-3358	-132	-72	10248	27232	1132	8570	-2766	-32768	3200	13712	662	933	-501	-32768	-8216	16248	-1186	4666	1584	95	182	2
-32768	-5184	3276	-3981	-8187	-3643	-20712	-3280	-19216	453	-8123	-3714	5928	8168	-25360	441	-2009	-166	-24864	9344	26240	1293	10102	-3808	-32768	1920	18624	517	-547	-178	-26336	136	32767	76	2806	997	13	253	2
-32768	-4252	-1912	-2991	-6682	-4306	-16624	-4272	-25016	1287	-6577	-4524	13432	11424	-20680	59	-1256	-392	-32768	25208	26904	1670	9201	-3872	-14656	18416	21728	2015	467	-477	-7632	-6328	32767	792	1065	226	37	253	2
-32768	892	-9720	-2061	-4695	-4896	-20832	-1880	-32768	2985	-4369	-5031	19480	6800	-20536	-777	-649	-450	-32768	16360	31248	3231	7106	-3939	-11056	21904	11152	606	1696	-1189	-12688	11784	32767	-1778	-368	343	76	207	2
-32768	11924	-13888	-1368	-2742	-5683	-32424	12928	-32768	4267	-2453	-5173	12888	8336	-16128	-757	-227	125	32767	-20376	-12264	3385	6184	-5147	-14480	20944	13448	263	3068	-512	-11080	-9912	30280	-2306	50	24	85	187	2
-32768	23964	-14304	-1986	-815	-6653	-32768	18096	-32768	4124	-1765	-4168	2368	3944	-9280	-187	-474	-253	-21264	32767	30560	391	3509	-2082	-30160	12600	8240	-337	4379	-821	-13560	-9464	24744	-1123	-998	-224	112	164	2
-32768	28760	-25400	-1056	54	-6220	-30032	19720	-32768	2405	-1303	-2415	-2864	1736	4096	-626	-1285	-527	-20624	32767	31152	148	3264	-1619	-26824	-1112	17728	-504	3468	-177	-8456	-5960	13544	-182	-1206	-347	104	152	2
-32768	32767	-30760	-1270	273	-3081	-23304	17440	-32768	-492	-1063	-860	-2592	-608	8792	-912	-815	-698	-12856	6536	32767	935	1490	-488	-24896	-928	22376	1519	3415	-297	-10592	-6296	12192	866	-1421	-780	148	65	2
-32768	29764	-23880	-2698	-56	132	-21664	15640	-32768	-2644	-532	497	968	4736	9320	-2219	1622	-45	-13040	12680	32767	2110	543	-1628	-23120	5560	17712	2201	3208	-479	-10336	-10232	13368	1317	-1374	-673	141	141	2
-32768	12656	-18300	-2848	-553	1194	-19496	11456	-24024	-3231	686	1163	672	13160	-15840	-3588	5393	1351	-11984	19248	32767	2009	-1169	-2147	-23072	2064	13208	1948	2834	-240	-17472	-3456	9432	1871	-1518	-715	110	66	2
-8548	6780	-11968	-1625	1649	590	-14288	10544	-24	-2094	1665	1362	-10032	13064	-32768	-3160	3869	1228	-8264	21512	32767	1186	-2598	-1616	-21112	96	10896	1987	2248	-147	-15552	720	8792	1580	-2033	-562	220	64	2
-32768	-4180	-32768	3216	4572	7612	9704	-32768	-32768	157	690	1017	-25736	-29288	32767	-348	-3128	1179	-9768	20512	31624	108	-3179	-603	-22144	2560	1240	1661	1438	-49	-32768	25736	488	1714	-1692	-526	160	67	2
32767	32767	32767	6450	828	7828	-32768	32767	32767	-9389	16742	-632	-32768	-29272	-32768	1447	3606	-217	-3984	25704	32767	-867	-3055	917	-32768	1000	-2832	590	-609	240	-32768	20568	-16416	-1131	-1080	61	223	147	2
16168	32767	32767	-1448	2135	256	32767	-32768	-32768	-3915	6679	4130	-3512	32767	-22408	1216	1915	-2662	-19096	20272	26064	-2114	-4271	2413	-24456	11104	-14016	-1501	-2291	296	-32768	13488	-18216	-3358	-3818	206	64	39	2
-13340	-7016	6916	115	1358	701	3168	6560	10800	-2867	4363	-191	32767	29408	-32768	-6753	1205	3028	-19128	8496	17048	-1541	-5482	3358	-17888	792	-17272	-3274	-3636	-73	-32768	3680	-25808	-3990	-4733	-367	191	65	2
-17232	-14624	9304	-550	1942	82	-14320	-29064	-32768	-4211	451	789	-32768	-32768	-32768	-9973	4604	6498	-17880	6416	16752	-1316	-5576	3435	-21928	-6160	-19416	-2275	-5394	-57	-32768	-3488	-30384	-1657	-4222	-1063	128	152	2
-16172	-7312	17212	-315	1959	835	-28288	-23224	-29016	-2006	125	1560	-32768	-4552	-32768	4689	3009	1577	-26592	10176	12288	237	-6132	3609	-13480	760	-20328	21	-6473	507	-23944	904	-28176	86	-5214	-912	143	127	2
-6788	-13580	27348	17	3078	1883	-32768	-27120	-7560	-337	-315	1669	-32768	-512	-13328	766	4595	2920	-32680	10000	12480	404	-6503	3526	-16280	2616	-20784	321	-6956	805	-15640	15344	-28528	-1480	-4299	-497	103	203	2
-9232	-17688	26968	275	5190	2375	-32768	-32768	13392	-494	-172	3194	-32768	-8512	5296	1097	4810	2400	-32768	12384	8024	430	-6763	3426	-15952	1840	-23112	-31	-7265	1138	-2240	6704	-25304	-3615	-3697	-691	156	0	2
-1204	-18808	27444	-175	6267	3591	-32768	-32768	22480	-860	270	2240	-32768	-1056	23616	389	5111	1840	-32768	9448	3464	409	-6300	3566	-10520	-632	-25128	-417	-7233	1644	8936	-7272	-20472	-3425	-1685	-460	202	0	2
-12896	-18104	26864	-787	8008	5219	-32768	-32768	32767	-1231	826	991	-32768	-11656	32767	-631	4668	1640	-32768	5208	3456	760	-5348	3854	-9952	56	-28880	-1000	-6721	2052	14552	-14912	-2192	-1507	-1321	-395	196	0	2
-29284	-17216	20028	-821	8611	5980	22192	-15552	23320	-2238	-477	966	-8088	-15376	32767	-857	2830	603	-32768	5488	-2128	791	-4333	4483	-15000	-760	-32768	-2286	-5984	1834	14208	-712	-9016	245	260	-575	197	0	2
-32768	-27820	21544	-2199	7194	5385	9312	-21168	1136	-2180	600	1332	-4792	-17792	32767	-990	439	851	-32768	-4096	-8824	588	-3109	5129	-15568	-11000	-32768	-3048	-5032	1392	872	4024	-6496	565	-842	-668	174	0	2
-15532	-18444	13160	-1973	5676	5123	-10856	-16528	8432	-1860	1982	2678	-12056	-23936	20920	603	-198	-243	-32768	-10360	-17232	-130	-1642	5321	-8608	-5064	-32768	-2200	-3747	615	-5008	7088	2272	888	-2136	-675	149	92	2
5536	-32768	11352	-1354	5686	4741	-18984	-17656	-3560	-2703	2310	2757	-6480	-4984	17448	865	-505	-401	-32768	-14544	-26464	-1443	-601	4058	-2032	2096	-32768	-1866	-2439	-81	-6480	5656	8856	-294	-1085	-485	119	100	2
-23804	-32768	22344	3074	961	457	-5848	-31032	10400	-346	3787	1698	-12000	-4288	6280	1048	-764	88	-32768	-13432	-32768	-2341	-421	1425	4000	4464	-32768	-1491	-788	-48	-232	-3144	6392	-396	782	1010	131	100	2
-10452	-10788	28316	3020	851	638	-13120	-21832	23088	1073	4858	1177	-8160	-6056	9408	2231	-1635	-211	-32768	-17344	-31496	-643	-65	-358	6568	-11184	-32768	-291	918	408	7072	-12312	8024	459	2728	1100	124	109	2
-2656	-4920	30836	494	1242	1138	-15504	-10712	23088	441	3948	1291	-6248	3456	13592	2792	-2201	-617	-25400	-19608	-27976	3356	754	329	4648	-17544	-25264	1225	2077	188	9232	-13296	-21176	1637	4330	1266	122	129	2
-11020	-12692	30588	-1695	191	1082	-15792	-7992	14536	-1337	2105	1378	-12600	13176	8104	1621	-2324	-127	-32768	-32768	-15016	3304	6634	-2587	11016	-1232	-7200	2527	1795	477	8264	-2696	-21768	4020	2069	517	125	141	2
-12916	-19540	26616	-1536	-1119	859	-14712	-12568	11920	-3075	495	861	-17120	6240	7880	-223	-2490	340	32767	-32768	-24136	2485	4920	-4614	-32768	32767	-32768	-22354	3203	-1254	-32768	-8648	5768	-3643	2436	-2161	136	181	2
-16380	-13780	32767	-1314	-1479	52	-19248	-13352	3584	-2422	-1019	496	-32768	-16304	-3432	-1409	-2506	353	-32768	32767	-15760	-169	1703	3303	32767	-32768	-32768	16338	10407	-802	-32768	-21696	-32768	2216	2164	2158	136	222	2
-23308	-31068	26148	665	-2784	-1575	-32768	-32768	1320	-1209	-937	578	-32768	-2624	-10616	1295	-2731	-1391	3120	-6136	20248	490	655	-881	32767	32767	-32768	1489	3628	-330	32767	-32768	-32768	3418	2130	1096	136	159	2
-8480	-13184	21988	1457	-3671	-2477	-18576	-16904	-2424	2012	-955	-1237	-32768	1448	-13224	2475	-4015	-2173	-3200	-10792	22568	631	1030	-304	-27832	-12544	-32024	-1913	3605	691	-28528	19632	-32360	3456	2072	-1046	124	122	2
-10676	-7448	15776	-165	-4439	-3110	-15816	-8432	-9984	2862	-2324	-2155	-32768	2464	-13928	2355	-4007	-2199	-14456	1624	15584	607	1711	-984	-32768	-1736	-32688	718	2936	579	-32768	32767	-32768	-1586	6490	128	122	130	2
-19264	-11028	13432	-1148	-5812	-3682	-16800	-10136	-12104	2998	-3833	-2495	-32768	3248	-28728	-127	-4216	-1393	-11160	18784	19112	933	2987	-1053	-31464	13808	-16928	1214	2351	-58	-32768	-7696	-10296	-1456	4631	-447	119	116	2
-24296	-10100	11004	-1175	-6603	-3926	-16960	-7056	-10752	3156	-4905	-3096	-21104	5344	-26336	-174	-4407	-1429	-9168	12136	24392	747	5114	-1366	-32768	-184	-9200	1390	962	-716	-32768	15768	-6824	767	4303	-627	67	253	2
-22304	-4876	13280	-1847	-6556	-3941	-20056	-5296	-7824	2924	-5767	-3591	-8952	2752	-22112	-643	-3741	-747	-1352	8344	27216	679	6927	-1893	-32768	1744	7472	1248	1120	-124	-32768	2744	6848	-1134	4198	344	77	212	2
-27992	-7092	14708	-2839	-6604	-3795	-23256	-7328	-10120	2001	-6396	-3830	-6072	9104	-18608	-341	-2614	-654	-5952	8232	21424	1106	8417	-3223	-32768	2096	12656	1207	657	435	-32768	-11048	17760	-1207	4173	929	90	253	2
-30864	-4836	12948	-3236	-6276	-3701	-25032	-6408	-12040	1247	-6600	-4241	1968	6936	-17112	-874	-1461	-709	-23808	9736	23184	1168	9662	-3901	-32768	2552	17352	1348	-32	-81	-32768	1160	32767	409	3346	1427	45	254	2
-32768	-3840	9756	-3037	-5444	-3817	-24720	-5400	-17464	1288	-5991	-4426	8816	8136	-15984	-576	-723	-425	-29400	16904	28752	2076	8971	-3622	-18424	16440	16680	2139	367	-372	-11320	1008	32767	327	1211	812	72	182	2
-32768	1332	6816	-2899	-4172	-4082	-32136	-760	-22384	1981	-4604	-4669	8512	9528	-15752	-198	-1058	-282	-32768	9088	22304	3761	7114	-4072	-8064	14840	6488	631	1583	-809	-13568	424	26184	-1302	-1222	468	116	83	2
-32768	9596	1444	-2262	-2767	-4986	-32768	10288	-32128	2624	-3408	-4561	8688	1016	-6008	-372	-1059	121	15944	30624	1104	3705	5244	-3625	-16944	7176	2808	838	3522	-778	-9576	-4112	32767	-2491	-560	612	109	201	2
-32768	28072	-6192	-1995	-1343	-5865	-32768	19160	-32768	2626	-2416	-3352	2960	-4728	-1760	43	-1399	-517	-31992	32767	25656	1599	2823	-2731	-29208	7376	-960	992	4676	-1146	-2624	-18088	27464	-1773	-54	248	116	159	2
-32768	32767	-21408	-953	142	-5126	-30816	24832	-32768	2017	-1098	-1563	-6552	-3024	9584	443	-1759	-1143	-25536	20880	25648	-593	1784	-1703	-30920	5512	14032	330	4314	-561	-8272	-8024	18544	1306	88	-464	116	154	2
-32768	32767	-29000	624	269	-2165	-23320	23584	-32768	493	193	-280	3488	3120	4976	281	-248	-922	-19792	7016	29200	-157	2130	-2180	-32424	280	19208	827	4498	-836	-14728	-4736	11376	1802	-1586	-721	95	180	2
-32768	32767	-23844	-415	-20	-44	-26688	32767	-32768	-455	1462	653	11896	11880	2472	-1302	3986	694	-20824	12400	32767	1391	2261	-2917	-32768	-112	14416	1482	4330	-1046	-9560	-12192	15664	1459	-1383	-166	49	253	2
-32768	32767	-32768	553	2481	3490	-18024	20992	-32768	-1417	1565	1216	-3328	23224	18152	-681	3080	1173	-28024	23008	32767	2038	1317	-2810	-32768	800	8304	1968	4277	-982	-20624	-3712	13792	2169	-1009	-503	0	253	2
-32768	-32768	-32768	8304	1622	1859	-32768	-32768	-32768	-7413	2670	471	-32768	-32768	-6640	-4046	2497	-226	-29000	32767	32767	1035	127	-1875	-32768	1904	-1904	1763	3329	-355	-32768	11840	-6352	2462	90	-1196	179	181	2
-32768	32767	32767	869	1262	2147	-32768	32767	18264	4702	2856	5924	-32768	25248	-19376	2883	308	68	-18008	32767	32767	-1260	-1162	23	-32768	5536	-3816	41	1600	52	-32768	16896	-9632	114	-2026	38	149	143	2
-7376	-32768	1096	6	2323	-501	-13744	-32768	19328	-1218	8310	3793	22912	32767	-32768	-5182	2247	-719	-4904	23600	29144	-2635	-2506	1578	-18064	6072	-2504	-1193	-702	288	-32768	11232	-13696	-1681	-3528	1388	193	126	2
-4704	-3788	17596	138	653	39	-32768	-344	-11784	-3205	2327	670	-10384	-3664	-32768	-4184	1252	4720	-3632	21144	27656	-2675	-2727	1826	-8328	3288	-9288	-2621	-2240	44	-32768	776	-29160	-1890	-3522	322	197	0	2
-16052	-18040	8876	-68	1308	695	-21208	-17856	-24496	-4202	1043	694	-32768	-32768	-32768	-2913	4784	3327	-5112	7832	14552	-491	-5278	3407	-8776	-1168	-12280	-2239	-4456	209	-32768	7648	-32768	-973	-4464	-263	166	0	2
-12736	-8280	17968	-351	2145	524	-23576	-28800	-32736	-798	837	1397	-32768	-2952	-28360	1379	3636	1997	-14128	10832	12736	449	-6704	3682	-4600	1936	-10592	-557	-5717	543	-24416	12712	-31600	-117	-4308	-921	163	14	2
-5532	-12316	28996	-8	3335	1822	-32768	-24752	-4208	232	-290	1733	-32768	-11408	-10408	-671	3711	2651	-18504	12048	12320	542	-7381	3736	-10480	5768	-11016	-321	-6823	511	-15320	13144	-32768	-1973	-5356	-287	157	37	2
-11412	-15680	28892	269	5255	2401	-32768	-32768	9312	-872	-239	2964	-32768	-7928	3760	913	4682	2286	-23328	11544	12344	551	-7679	3950	-10952	-2424	-11256	-75	-7607	767	-1984	5304	-31200	-3514	-4042	-628	128	131	2
-7448	-13752	25940	-89	6451	3661	-32768	-32768	21800	-702	150	2097	-32768	328	18688	456	4600	2355	-26184	11912	13320	850	-7560	4180	-15512	-208	-13008	503	-7958	1288	6352	-4056	-24272	-3298	-2049	-331	72	253	2
-17388	-19864	24640	-376	7825	5120	-32768	-32768	24488	-406	874	1010	-32768	-9824	32767	-405	4074	1992	-29816	10616	13560	1308	-7140	4291	-14392	-64	-15472	634	-8333	1941	13192	-2632	-21504	-1948	-964	-710	136	93	2
-32768	-18556	16988	-477	8256	5533	13744	-12024	22008	-1928	-472	954	-15592	-16408	32767	-823	3490	963	-32768	14520	10160	1653	-6560	4320	-15336	1480	-23032	136	-8071	2563	20856	-2408	-26544	-1607	-162	-737	121	149	2
-32768	-25836	17564	-1618	7194	5043	8888	-22888	-2392	-1638	552	1474	-1552	-20944	31840	-500	803	906	-32768	13576	9896	1603	-5839	4604	-24064	-2856	-32768	-867	-7406	3122	13656	-7752	-16288	738	-1240	-849	103	125	2
-17012	-26900	3548	-125	5181	4502	-6816	-12752	-2712	-1216	2314	2586	-13376	-26984	27760	1700	-625	-600	-32768	13240	8504	1660	-5722	4746	-24856	-4360	-32768	-1052	-7245	3192	8	7448	1464	1515	-2652	-512	91	162	2
-32768	-32768	14644	2265	2901	2434	-17560	-19384	-9312	-1651	3113	2584	-7872	-8536	24360	1986	-392	-564	-32768	-12776	-17520	2130	-3302	6924	-20096	-12752	-32768	-2152	-4635	1420	-4792	13248	14120	1865	-2254	-15	91	156	2
-25980	-17116	19672	3710	1706	973	-15968	-26208	10368	471	5301	1863	-7896	-1056	16552	1407	-202	-251	-32768	-23576	-32768	35	-1027	5795	-1192	-2152	-32768	-648	-2319	404	-13768	-1648	20904	313	-2084	341	126	67	2
-22404	-364	26828	2381	2410	1506	-27984	-20336	21016	757	6134	1698	-6472	-6856	14720	1303	-1630	88	-32768	-27984	-32768	-1503	-382	1423	7872	-3000	-32768	-93	-4	388	-7384	-15592	19384	845	-26	952	138	57	2
-24528	-4624	32767	222	2860	2170	-32768	-18024	20104	-886	4875	2450	-12864	7512	15344	2657	-2260	-483	-32768	-32768	-31672	2559	-5	-278	10760	-29584	-32768	-250	2640	91	21800	-12984	-3216	-1413	7677	2506	146	75	2
-29628	-13916	32767	-767	2075	2481	-29728	-13752	14592	-3123	3302	1876	-13832	13936	12800	1533	-2438	-42	19632	-32768	-32768	1032	5483	-2377	1136	-30432	-18624	1082	2663	338	16256	-3800	-32768	6872	3165	1137	135	95	2
-29168	-15052	32767	-813	1843	2479	-23272	-14656	9456	-4103	1957	1426	-24336	5656	5024	-210	-2383	168	-32768	32767	-12128	-14849	8220	-2829	-32768	32767	-32768	-13515	5415	-1072	-32768	32767	-21136	-1437	-632	-2314	78	253	2
-13560	-14864	32767	-730	101	1359	-23032	-16288	4752	-3099	687	1250	-32768	-18448	-5328	-1594	-2233	640	-32768	32767	-32768	478	1888	4210	23112	-32768	-32768	6836	9598	-2943	-32768	-30360	-32768	-315	2620	2942	86	253	2
-7268	-30604	29416	1072	-871	-39	-24992	-18752	5584	-2903	559	1278	-32768	-10464	-15056	1517	-2807	-1325	-3280	-2592	21944	189	897	-723	32767	32767	-32768	2705	3711	-591	32767	-32768	-32768	2248	2002	862	145	39	2
-3816	-17996	25360	1638	-2566	-1485	-5272	-16992	-6688	2015	-769	-834	-32768	-2872	-19600	3024	-4371	-1553	-3296	-13496	24904	631	940	-47	-23736	-11416	-25128	-1782	3096	100	-29800	4336	-32768	3140	2748	-1598	185	0	2
508	-10168	14832	292	-4835	-2673	-2896	-1168	-10312	3522	-2176	-1708	-32768	2512	-31224	1420	-4021	-1320	-13672	3312	15320	759	1793	-751	-32136	-7248	-29120	768	2892	360	-32768	32767	-32768	797	6536	424	197	0	2
-5148	-8532	10472	-839	-6492	-3193	-4048	-3896	-7568	3415	-4088	-1892	-32768	3168	-32768	605	-4942	-1389	-10944	18080	17920	928	3095	-626	-32768	15640	-17296	1509	2443	-526	-29608	7336	-9800	-845	3993	-997	192	0	2
-14796	-10744	8580	-1477	-7459	-3258	-3360	-3456	-8424	3329	-5610	-2495	-14128	360	-32680	91	-4967	-1351	-7832	12232	23952	871	5009	-1440	-32768	6168	-10960	1366	1169	-978	-32768	13160	-7792	700	4199	-1030	100	253	2
-17284	-8528	10108	-2133	-7792	-3809	-9816	-3728	-6720	3391	-6612	-3065	-8416	344	-30352	310	-3778	-479	-4296	8816	29360	960	6914	-2101	-32768	4088	5552	887	921	165	-32768	4864	3808	-955	4176	457	80	253	2
-24208	-5916	13920	-2924	-7815	-4288	-17984	-5672	-4952	2766	-7419	-3215	-3776	9704	-24088	1182	-2992	-367	-5928	9256	24480	1636	8443	-3026	-32768	-1496	12984	1108	38	-446	-32768	-9752	13744	-584	4098	774	60	253	2
-27172	-6612	15648	-3633	-7699	-4399	-20424	-9008	-6272	1808	-7888	-3832	2440	9624	-23280	376	-1502	-201	-20056	10408	24552	1739	9710	-3490	-32768	280	13912	1350	-402	-210	-30672	-3976	26248	1455	3449	1042	76	175	2
-27868	-4916	17396	-3921	-7144	-4239	-22504	-9496	-7944	1333	-7883	-4627	14104	11776	-21504	-694	-287	105	-31752	21448	24688	2613	8928	-2913	-16200	14568	13200	2243	-35	-357	-11128	6560	32767	1564	2377	418	84	206	2
-32768	-12600	18748	-4153	-6688	-3979	-25064	-10416	-18928	1454	-7252	-5233	14680	16656	-19736	-1341	-428	-163	-32768	13624	24776	3942	6561	-3475	-5192	17616	1264	528	1122	-1031	-9312	7000	25496	-446	-393	-368	102	136	2
-32768	-12752	11656	-3130	-6309	-4947	-32768	-8472	-27136	2032	-5250	-6066	12968	12952	-14264	-1258	-915	43	32767	-13264	-12000	4375	4392	-4052	-11272	9880	2712	103	3105	-892	-13096	6096	32767	-1836	149	478	122	68	2
-32768	9780	636	-2219	-4189	-6515	-32768	3448	-32768	3672	-3650	-6087	8048	1152	-4448	-439	-101	-42	-24000	32048	18504	850	1956	-2746	-23344	13080	2376	680	4358	-838	-11384	1896	32767	-2363	285	145	135	47	2
-32768	32767	-9168	-2586	-1240	-7690	-32768	26288	-32768	3544	-2276	-4304	-10344	-15320	12536	-223	-1863	-1423	-15784	17280	18664	-1510	1650	-1959	-24992	6392	21048	-389	3830	-919	-2408	-7856	22936	-1449	20	97	166	0	2
-32768	32767	-28996	-793	817	-5279	-25672	16896	-32768	1294	-1055	-715	-13128	-15248	27864	-668	-1138	-1844	-11272	7608	27768	-81	3041	-2098	-24896	-2296	30408	128	4413	-1181	-10848	-9200	14096	166	-1221	-751	171	0	2
-32768	32767	-32768	1391	-528	457	-28048	27944	-32768	-245	1308	61	2352	-5280	19872	-736	553	-1661	-13888	21864	32767	1451	3373	-2591	-25432	1040	25400	1329	4241	-1086	-9464	-18296	13184	994	-1798	-891	193	4	2
-32768	32767	-31016	-1582	1000	1359	-32768	32767	-32576	-1866	3493	1939	12328	17984	-1656	-3191	5960	1231	-18912	32240	32767	1551	1663	-2141	-29440	2096	15896	1349	3675	-682	-8464	-14928	16560	1756	-1639	-942	162	23	2
18588	32767	-18512	4071	6317	3116	-784	-3664	1240	-2605	3699	2242	-5064	15696	5496	-852	911	2297	-19968	32536	32767	1084	-889	-1001	-31736	4432	13984	1692	2769	-175	-26848	4176	10344	2810	-1334	-869	141	56	2
-32768	-32768	24280	12213	2398	10077	-32768	-32768	-32768	1403	6359	-1400	-32768	-32768	16944	1396	3206	-2002	-23264	32368	32767	533	-2877	-183	-32768	3112	2672	1994	1578	309	-32768	17592	-3696	2493	-535	-1402	96	98	2
32767	32767	32767	-18	2485	2346	-30024	32767	352	580	4592	5246	-32768	32767	-32768	9429	1979	-1863	-18064	32767	32767	-854	-4880	1227	-32768	12688	-3816	498	-559	438	-32768	16872	-18440	-1268	-3407	264	134	4	2
-15672	-17820	7360	127	1827	-318	15512	-13728	-12152	-2141	5372	2373	32767	32767	-32768	-5896	1713	409	-18848	22504	28424	-1440	-6564	2166	-21184	7424	-11672	-1434	-2552	307	-32768	8056	-23096	-3298	-4027	-460	62	70	2
-320	-11696	17952	170	675	-164	-32768	-17320	-8304	-1881	2460	586	-32768	-4104	-32768	-6010	1574	6053	-20016	13264	15816	-647	-7370	3313	-27352	-1016	-19408	-2122	-4626	403	-32768	13656	-24288	-1784	-3577	-1205	120	101	2
-9196	-2996	15864	-90	1115	393	-30624	-11056	-7536	-3145	1794	778	-32768	-32768	-32768	490	5108	931	-26448	11992	9192	208	-7801	3861	-15184	-1248	-19312	-276	-6054	989	-32768	-1600	-32768	461	-4975	-575	116	97	2
-14072	-17700	16536	-296	2266	743	-19520	-28680	-8672	-875	483	1152	-32768	800	-20984	1258	4117	1677	-26664	8720	10256	932	-7406	3970	-18128	3576	-20304	607	-7112	1114	-24568	15064	-30448	1302	-5024	-217	114	124	2
-5820	-11496	31116	114	4069	1492	-32768	-32768	800	410	-892	926	-32768	-9952	-10856	-1345	4844	1532	-32768	12200	10240	1544	-7160	3750	-19592	2384	-24104	933	-7526	1570	-10944	21528	-32768	-1569	-4490	-467	73	253	2
-11424	-13824	30492	364	5831	2693	-32768	-32768	13240	-1351	556	2268	-32768	216	8008	508	4877	2290	-32768	16808	6424	1076	-7118	3821	-19072	3080	-25056	951	-7508	1664	6504	2640	-24656	-3265	-3144	21	46	253	2
-5744	-19076	31308	-234	6330	3945	-32768	-32768	22864	-361	752	932	-32768	-5432	32767	-1646	5352	1812	-32768	14016	2248	397	-6111	4114	-12728	4560	-28520	-1447	-7020	2495	11216	-6096	-19264	-3287	-2184	-68	57	254	2
-28224	-22324	21284	-453	8649	5761	-1336	-16376	25928	-1808	-164	57	-18408	-25368	32767	-403	3813	1174	-32768	6032	-2048	809	-4651	4774	-15600	-5256	-32768	-2777	-6331	2288	16616	-800	-15512	-1403	-1008	-692	64	253	2
-18956	-13640	14076	-2411	8253	5696	16360	-18168	11080	-3169	-494	864	-9160	-12144	32767	584	1191	438	-32768	3112	-6240	1175	-2994	5644	-19672	-7080	-32768	-3068	-5276	2100	7792	-1640	-8056	-611	-1087	-943	104	133	2
-32768	-6700	10284	-2292	7024	5421	13664	-13848	2224	-3299	276	768	-4192	-20320	32767	-136	-570	-209	-32768	-7888	-14632	1242	-950	6404	-13584	-15688	-32768	-2632	-4546	1495	-2968	72	6168	253	-2350	-937	89	163	2
-32768	-144	10364	1096	7321	4133	-27848	-17200	-4080	-2980	2552	3044	-6560	-13936	20072	-576	-53	-285	-32768	-19768	-25712	1046	707	6177	-104	-6768	-32768	-980	-3052	388	-1680	-2416	6744	1090	-2500	-681	109	119	2
-32768	-26916	29080	2875	2800	1629	-17304	-32768	4256	-1488	4719	2834	-7256	-8272	7544	-249	-604	-383	-32768	-16784	-32768	596	1080	3679	7008	2736	-32768	44	-1503	222	3400	-9432	8968	614	-511	-17	123	73	2
-25648	-4244	30912	3099	1890	2162	-21792	-23440	19992	338	5757	2160	-6944	-8776	5984	1699	-1319	-82	-32768	-17272	-28232	1225	290	772	8760	-5464	-32768	596	362	692	10224	-12480	2768	1373	1881	957	130	52	2
-18212	-2632	32767	634	2278	2864	-26288	-14016	23104	-644	5212	2557	-10912	344	10464	3401	-2369	-634	-32768	-18864	-21696	3090	-601	281	6664	-18896	-32768	1182	1840	766	11280	-5472	-25776	2128	4255	1675	132	32	2
-23440	-16924	32767	-362	1761	2859	-23808	-17416	16968	-2197	3541	2791	-14712	13008	12248	2712	-2406	-429	19528	-32768	-32768	1256	3090	-3854	18360	-32768	-32768	962	1751	895	4344	6360	-26176	5529	2508	1029	132	43	2
-21584	-21728	32767	248	673	2171	-23336	-16848	12632	-2984	2152	1704	-23208	8280	9952	432	-2246	68	-32768	32767	-32768	-14118	-2856	-1733	-32768	32767	-32768	-20764	4572	-344	-216	7512	18232	3077	34	811	139	124	2
-15740	-14244	32767	512	86	736	-26312	-12056	7960	-2108	1001	1332	-32768	-11208	-840	-1201	-2048	493	-32768	32767	-32768	-534	-289	-138	31984	-32768	-32768	15575	7523	-3428	-32768	-19896	-30744	-306	1787	785	145	178	2
-16196	-20640	32767	1360	-970	-555	-32768	-30352	5592	-1094	472	1382	-32768	-8968	-3664	1125	-2531	-913	21752	-9176	32767	111	1242	-96	21456	32767	-30224	614	5743	-1271	32767	-32768	-26632	1718	2053	2025	76	253	2
-8216	-13384	31680	1333	-2954	-870	-17328	-19160	-1840	1163	-484	-87	-32768	-1208	-16048	2482	-3712	-1404	-9432	432	15936	512	1324	-437	-16656	-13624	-32768	-1694	3684	16	-6928	280	-32768	2826	2658	-822	222	0	2
-9328	-7868	20844	-722	-5303	-1478	-6240	-4016	-10680	2542	-2530	-1588	-32768	-696	-25048	1231	-4284	-646	-14312	1112	15616	610	1750	-766	-31376	-4000	-32568	638	2942	281	-32768	32767	-32768	1099	5284	-939	221	0	2
-11668	-12324	11524	-1543	-6992	-2171	-9648	-6784	-9464	2531	-4320	-1693	-32768	-880	-27072	1141	-4387	-652	-11680	17904	18424	717	2773	-900	-32768	17296	-17448	1390	2343	-489	-32768	15808	-15512	-2202	4541	13	215	0	2
-14568	-8208	7396	-1984	-7549	-2836	-9864	-3632	-9728	2657	-5592	-2324	-23752	4216	-31648	-220	-5362	-922	-9912	13512	27888	561	4699	-1616	-32768	7984	-14256	1216	1408	-1285	-32768	9320	-7680	-177	4140	-942	92	253	2
-17812	-8252	9320	-2948	-7579	-3784	-9672	-4072	-9176	2731	-6688	-3066	-11448	-760	-28048	-23	-4468	-37	-7360	9376	28544	532	6448	-1935	-32768	4312	-248	689	868	-632	-32768	2616	192	-906	4598	699	119	0	2
-25444	-7296	12492	-3480	-7538	-4280	-15944	-7368	-8456	2381	-7152	-3405	-5144	8336	-23760	440	-3668	45	-4664	8536	26888	748	7949	-3006	-32768	4472	9080	612	583	-2	-32768	-10936	9136	-1298	4416	928	17	253	2
-27304	-6152	11532	-3585	-7355	-4385	-18640	-7552	-9416	1876	-7119	-3945	168	7024	-24464	231	-2239	-137	-25992	7352	23408	1186	9183	-3975	-32768	2456	10488	483	-525	-233	-32768	-12304	19288	749	4384	1401	53	253	2
-28112	-2124	10736	-3471	-6598	-4466	-18464	-5176	-13160	1845	-6749	-4443	14584	8120	-20328	160	-1185	48	-32768	16760	30416	1676	9221	-3579	-23696	12872	17824	2234	-450	-239	-16160	7616	31048	2569	2687	752	101	136	2
-32768	1436	11580	-3795	-5819	-4501	-23240	-2384	-19760	2080	-6022	-4759	15608	9920	-20416	-198	-910	27	-32768	17856	26304	2472	7321	-3557	-9776	14144	-2248	701	515	-570	-15544	9832	25552	-462	36	245	106	142	2
-32768	56	4628	-3502	-5120	-5020	-30392	2288	-27616	2576	-4805	-4914	17712	8440	-17768	-833	-541	345	19304	12408	-7232	3603	4755	-3026	-6264	12040	-2272	173	3026	-1172	-10392	2320	32767	-2706	-685	469	122	109	2
-32768	13700	-1796	-2959	-3072	-6042	-32768	9976	-32768	3019	-4001	-4750	10432	3416	-10208	-957	-314	190	-27408	28688	15440	1679	1760	-2722	-21232	9992	-704	794	5079	-942	-6680	-9360	32767	-2907	456	250	143	43	2
-32768	24032	-11556	-2980	-661	-6482	-32768	12752	-32768	2402	-3176	-3227	-5424	-4944	-888	-893	-1046	-895	-22552	19976	17624	-930	1762	-1974	-31480	7992	15400	8	4574	-1011	-2760	-7480	20680	-171	201	83	132	62	2
-32768	31152	-25864	-2127	479	-4888	-32512	18056	-32768	877	-2062	-1508	-11248	-3688	14928	-968	-2181	-1231	-21048	7320	23192	-795	3547	-2299	-32768	-3392	18800	268	5076	-1193	-8232	-3888	18776	120	-1312	-104	69	253	2
-32768	32767	-32768	-1187	585	-1849	-24248	19568	-32768	-657	-253	-292	-1456	5752	11256	-714	-1424	-818	-25272	10120	32767	939	4224	-2894	-32768	2736	15952	1519	5284	-1578	-9064	-13680	10400	806	-1786	-381	19	253	2
-32768	32767	-30784	-1943	974	472	-23160	28320	-32768	-2105	1233	971	12648	10544	4488	-3890	5754	1173	-28072	12264	32767	1180	4166	-3008	-32768	1968	9320	1818	5204	-1544	-10032	-12712	9688	1756	-933	-739	25	253	2
-32768	32767	-32768	3109	3875	6181	-25600	11968	-32768	-2436	1486	1661	-8872	12008	32767	-1993	2090	2042	-29616	30264	32767	1283	1103	-2824	-32768	-272	6120	1773	4662	-788	-27792	5800	9000	2240	-417	-789	68	253	2
1696	-32768	32767	9429	-2924	8406	-32768	-32768	17952	-16406	11705	2124	-32768	-32768	-32768	-2622	4759	-1224	-22800	31304	32767	176	-72	-1469	-32768	2032	1856	1592	3276	-375	-32768	13816	-7032	2716	205	-1325	0	253	2
-32768	-32768	-25392	-175	4404	-2495	-10936	32767	-32768	297	6580	4968	-32768	32767	-32768	4573	1064	-537	-8376	32767	32767	-1688	-1111	422	-32768	8496	-2856	-301	1008	-554	-32768	22792	-16032	-798	-3233	601	44	210	2
-18592	120	10064	-177	1910	784	576	14184	-20544	-64	5690	1264	26808	32767	-32768	-4502	1763	892	-760	21800	29496	-2936	-2574	1872	-7872	8728	-6720	-2533	-831	-47	-32768	27064	6328	-3707	-4253	-896	103	180	2
-12868	2088	16988	-230	1276	505	-26248	-5672	-13600	-2533	1658	492	27544	32767	-32768	-4628	1825	1954	-24	6520	19672	-2099	-4504	3246	-5480	-816	-12136	-3641	-3122	-301	-32768	13160	-32184	-2150	-4142	92	176	154	2
-14168	-9776	13180	-2	1343	1046	-29784	-9816	-9344	-4481	297	926	-32768	-32768	-32768	-1850	4382	3102	-6696	4968	14680	-523	-6323	3794	-3736	-4568	-11472	-1616	-5057	-38	-32768	12736	-32768	-459	-3842	-971	192	17	2
-18804	-16996	16872	-252	2757	1040	-19608	-32768	-10488	-468	580	1471	-32768	-7440	-17504	1868	3332	2007	-15816	6752	15592	310	-7555	3534	-8472	2992	-11120	246	-6452	-63	-30280	4208	-31824	-534	-5643	-850	197	37	2
-12176	-10004	27380	501	4435	2257	-32768	-25216	-2952	-33	439	2921	-32768	-8704	-9384	-24	3761	2529	-24880	9696	17448	599	-8293	3430	-11848	784	-13168	488	-7543	-23	-12744	13896	-32720	-1805	-4645	-683	139	38	2
-9724	-17212	29892	462	5324	3389	-32768	-32768	10880	-1140	3	2483	-32768	-4440	5592	1165	4986	2026	-31080	9784	15448	842	-9121	3250	-16184	-1192	-12120	1774	-8103	607	-1952	5520	-31864	-4067	-4569	-1011	27	250	2
-4444	-18760	27460	-155	5933	4156	-32768	-32768	20208	-915	-106	1846	-32768	1016	17128	-103	4737	2485	-29688	13648	13064	1153	-9064	3140	-14592	504	-11720	1963	-8319	1474	9720	-7776	-22240	-3362	-2791	-767	202	0	2
-22208	-16496	17876	-224	8353	5571	-32768	-32768	31936	-1054	222	902	-31368	-13776	32224	-441	4570	1806	-28504	17536	13648	977	-8121	3626	-14528	4896	-13952	493	-8290	2228	12248	696	-24200	-2450	-1382	-1532	201	0	2
-26404	-15516	13300	-802	7818	5556	22936	-13528	9520	-1905	-782	964	-1272	-18888	32767	-669	3476	1224	-32768	19136	15216	737	-6860	4620	-18864	-1000	-20568	-1541	-8359	2728	20976	-4832	-30112	-1235	-425	-1271	159	0	2
-32768	-11512	7584	-2541	5564	5148	-1432	-22392	-4896	-1669	546	1605	-4440	-19736	30160	411	142	521	-32768	11848	14224	1505	-5647	6168	-30224	-10024	-32768	-2395	-7822	2875	15296	-2064	-14008	336	-903	-1318	159	0	2
-6572	14292	-12156	-3141	4359	7207	-5584	-14632	-5984	-2749	1800	3155	-12112	-27416	32248	1781	-1058	-997	-32768	-480	2224	2588	-4166	7832	-28568	-10680	-32768	-2687	-6804	1906	4848	3024	2240	1193	-1923	-521	156	0	2
-32768	-32768	10952	1878	1166	2284	-13376	-32768	-2328	-2115	3744	3206	-7960	-7296	19184	1497	-134	-337	-32768	-10952	-21208	1188	-2260	7731	-9536	-10896	-32768	-2019	-4723	373	-2064	6984	19096	1470	-2708	4	162	0	2
-23996	-18320	15732	4824	1823	1528	-19104	-28728	10944	800	6010	2379	-5424	-12312	12480	1014	-50	96	-32768	-26664	-32768	-884	-1634	4169	2704	-2456	-32768	1107	-2226	-134	-14496	-5056	20384	1379	-2534	-466	153	17	2
-23568	-5316	23012	3601	3842	984	-29216	-23152	18040	1465	7206	2121	-6352	-7120	11016	2618	-1461	-840	-32768	-32768	-32768	822	-2826	-1561	16408	-5744	-32768	995	806	-18	10008	-16024	20096	420	3678	779	147	41	2
-32768	-10236	32767	1578	4384	1103	-30376	-21264	17440	1216	7132	2228	-13880	10416	14440	3019	-2061	-703	-31208	-2632	-32768	2086	1243	-2802	-2936	-19392	-24120	2270	2927	-142	25344	-3968	-32768	8122	8513	860	112	123	2
-32044	-10848	32767	230	3365	1781	-27720	-15208	12680	-2200	4366	1552	-17840	15896	12984	1521	-2060	-388	-15440	11856	-32768	1126	7787	-8150	3496	32767	-32768	2422	3812	-884	-13616	6072	32767	-3918	-5823	567	125	165	2
-27380	-13828	32767	-637	1705	2111	-26472	-12104	5480	-3201	2623	1060	-32768	-12360	-4984	-1767	-1652	34	32767	-32768	32767	-9634	-2639	-9705	-32768	-32768	-14104	4195	21990	9870	-32768	32767	-32768	3767	7520	-1510	153	144	2
-17568	-26928	32767	-125	520	870	-32768	-30744	8688	-2983	1111	1452	-32768	-11784	-1056	-406	-2132	-743	32767	-32768	32767	-576	2128	244	6328	27904	-32768	6088	4529	2185	22072	-32768	-32768	3211	2235	3096	170	79	2
-3396	-23328	32767	1662	-1087	-801	-21912	-15688	5184	35	422	446	-32768	-4936	-13928	1790	-3477	-2259	-32768	-19040	13584	382	146	-1431	-4712	-32768	-32768	-1493	4676	-867	32767	19040	-32768	5494	1485	-385	162	80	2
5852	-13112	23976	1416	-3069	-2517	-3808	-4424	-3928	2556	-1080	-1347	-32768	4448	-21984	1848	-4222	-1872	-13488	26840	13672	810	1380	169	-19464	21040	-22656	-120	3865	-946	-32768	32767	-32768	1180	4665	-1837	159	98	2
1252	-3484	17104	-166	-5087	-3425	-4352	1752	-6304	3073	-3054	-1807	-32768	7824	-32768	707	-4758	-1408	-10112	4376	19920	555	2067	-724	-30912	1936	-24080	280	2357	-582	-32768	15288	-19720	-2958	4493	45	143	121	2
-4796	-4916	13336	-1535	-6823	-3624	-2600	-768	-6112	2915	-5105	-2320	-28352	6128	-32768	550	-5308	-1284	-5584	11560	24832	612	3625	-1181	-32768	3304	-18504	1140	1575	-665	-32768	1200	-8544	38	4278	-1065	114	223	2
-13596	-6892	12952	-2186	-7887	-3625	-5256	-1176	-3440	3231	-6358	-3136	-10984	-1112	-32768	-21	-4750	-901	-6576	14304	26224	551	5823	-1607	-32768	8680	-9456	1412	1214	-577	-32768	6912	-568	80	4540	-341	93	230	2
-18420	-7232	15420	-2503	-8175	-4176	-17184	-1816	-3096	3616	-7131	-3651	-6168	6968	-32160	854	-4032	-427	2168	6448	21952	894	7289	-2402	-32768	-1824	6136	554	325	60	-32768	-4520	9080	-1220	4383	1097	78	233	2
-25756	-4376	17980	-3084	-8120	-4700	-21768	-1368	-2544	2650	-7808	-3833	-304	14936	-25328	861	-3201	-324	-5224	8184	18624	1230	8868	-3672	-32768	1656	11216	1534	-52	-61	-32768	-16520	15328	-403	3836	1385	45	253	2
-28188	-2080	19340	-3807	-7916	-5041	-22112	-2944	-4216	1631	-8121	-4206	8688	12320	-24256	248	-1680	152	-26176	9352	23816	1723	9331	-4064	-23688	-1040	11496	2414	41	319	-32480	2328	18712	2673	1836	1511	86	177	2
-32468	-3384	18464	-4016	-7632	-5081	-20952	-1896	-9528	1341	-7939	-4875	18816	11464	-23792	-797	-686	209	-32768	10696	21656	3567	8376	-3320	-13824	19704	4328	2798	-309	-705	-5832	18064	32767	3641	2237	-794	88	210	2
-32768	-6872	16300	-3161	-7019	-5300	-23696	-5040	-18336	1892	-7034	-5446	26504	7280	-26776	-2161	-203	202	-32768	16336	7920	3615	4922	-4465	-10576	12176	-11624	793	2056	-1025	-18456	-23272	32767	-989	413	880	89	183	2
-32768	-3744	12308	-2121	-6254	-5641	-32768	-1584	-26464	2926	-5410	-5965	18720	6664	-18984	-1339	68	536	-32768	9440	17360	3647	3034	-4961	-20024	1856	-6064	1289	4354	-1455	-14400	12528	32767	-1451	-245	-443	83	147	2
-32768	17208	2316	-2825	-4429	-6692	-32768	5232	-32768	3358	-4620	-5491	2720	-2784	-5880	-565	-634	-487	-32768	32767	14376	430	907	-3401	-32768	20240	8176	986	5098	-1692	-1960	16880	29120	-2095	332	-52	76	217	2
-32768	32767	-22320	-2757	-1257	-7287	-32768	25208	-32768	3269	-2718	-3215	-15624	-17904	20320	-372	-2336	-1501	-26272	20760	20760	-2917	2343	-3133	-32768	9704	13264	-1045	5160	-2222	-5720	6312	18312	-2055	-417	42	80	189	2
-32768	32767	-32768	301	1129	-3816	-32768	18848	-32768	437	-883	-391	-24072	-3440	24728	393	-1462	-965	-26232	16840	30696	-2488	3902	-2468	-32768	6112	18872	-1227	5892	-2614	-8240	-15272	12480	-773	-1327	509	80	192	2
-32768	32767	-32768	-326	390	688	-27760	31944	-32768	-1245	1848	996	4088	10768	30784	-1370	1399	134	-27008	20040	32767	-899	4405	-2708	-32768	1488	13056	-699	5773	-2320	-10280	-23744	13320	618	-1336	-122	118	154	2
-32768	-1652	-32768	1864	3885	5777	-14264	-25568	-32768	-2624	3178	3193	-48	8328	9248	-4654	4518	2541	-31880	24472	32767	679	2877	-2683	-32768	-2600	6592	671	5339	-1320	-26512	-2112	7992	2760	-430	-646	81	132	2
-32768	-32768	-32768	9642	5179	6935	-32768	-32768	-32768	-3739	8178	-605	-32768	-32768	-10552	-286	3942	-2407	-28320	32767	32767	896	840	-1796	-32768	3512	-896	1828	3818	-554	-32768	3656	-6448	3038	329	-1235	144	83	2
32767	19552	32767	1583	2618	1301	-32768	32767	-19024	-15	4331	5376	-32768	32767	-32768	4739	1107	-1365	-7800	32767	32767	-909	-1145	-167	-32768	8112	1656	442	1713	-217	-32768	25136	-11624	204	-3163	805	140	30	2
-17848	-25392	2224	116	1861	6	14488	6640	-17960	-1328	5688	2659	32767	32767	-32768	-4430	2397	655	7352	27224	29208	-2071	-2435	1586	-10712	9568	-1216	-749	196	2	-32768	8200	-22808	-2833	-4417	560	126	17	2
-11744	-6316	15856	110	594	-215	-32768	-9272	-32768	-2450	1595	682	-18296	-22816	-32768	-3726	1240	7047	7776	16768	19944	-1990	-3595	2943	-1808	4608	-8240	-2542	-2639	178	-32768	14128	-31080	-1694	-3264	-229	148	25	2
-16060	-8172	11656	-129	1139	881	-20136	-9208	-18744	-3989	1194	872	-32768	-28232	-32768	-313	5085	1230	-992	11216	16336	-679	-5609	4007	-3664	152	-8792	-1728	-5072	505	-32768	11152	-32768	-542	-3806	-122	123	67	2
-14572	-14540	17096	-480	2193	603	-20344	-32424	-30128	-948	822	1168	-32768	-3528	-18832	472	3244	2033	-9480	9352	15472	620	-7244	4174	-4936	5056	-7536	-561	-6683	794	-29248	6224	-32768	-837	-5212	-718	135	88	2
-3812	-11868	31716	-67	3724	1840	-32768	-31336	-5400	-280	-311	916	-32768	-4832	-7104	-1775	4209	2281	-10416	9096	15416	783	-7394	4167	-11400	2048	-9336	-415	-7803	889	-13464	15120	-32768	-2155	-4733	-738	160	32	2
-12316	-13304	28028	118	5557	2655	-32768	-32768	9096	-1507	302	2480	-32768	-18056	4480	-282	4153	2328	-24240	10968	17360	1412	-8313	4077	-12720	-4232	-10696	495	-8491	1352	3080	1776	-32768	-3813	-5483	-831	183	0	2
-4880	-16304	30412	-529	6679	3749	-32768	-32768	17672	-1031	28	1748	-32768	880	18184	-475	5163	2283	-32768	13472	21328	1970	-8654	4186	-14280	-1976	-12928	1654	-8822	2078	11320	-4680	-25240	-3270	-3042	-813	199	1	2
-18752	-18420	18856	-665	8101	4860	-27952	-32768	28304	-658	98	1510	-22904	-15208	32767	-944	4011	1970	-32768	17088	21608	1991	-8580	4830	-17824	1512	-14712	731	-9045	2979	13064	-3576	-27584	-1371	-1811	-964	190	0	2
-26080	-17688	17772	-1150	8029	5287	9552	-12096	14736	-2685	-903	1271	-12448	-14824	32767	-483	3442	1334	-32768	17632	17616	1742	-7805	5492	-20432	-1296	-20944	-437	-9024	3453	27576	2600	-30912	-308	48	-552	174	24	2
-32768	-25300	16984	-2183	6562	4710	4008	-16904	-3008	-1822	434	1763	-5648	-19112	30232	181	760	789	-32768	13672	16392	1378	-6456	6173	-32768	-7664	-32768	-1594	-8430	3678	17096	-2608	-19536	763	-837	-385	140	40	2
-18996	-15332	6128	-1343	5012	4370	-8032	-15984	-1168	-1758	1599	3004	-11712	-28624	25344	1734	-741	-406	-32768	-2544	7272	2358	-4929	7204	-32768	-14152	-32768	-2157	-7257	2898	-2952	7512	1872	1634	-3008	343	142	85	2
-32768	-32768	16620	1209	1764	3108	-17768	-22048	-11360	-2069	3004	3189	-9096	-13800	25712	1712	-561	-279	-32768	-19816	-17632	2137	-2752	7512	-17944	-22840	-32768	-2255	-5065	954	-2640	13352	26592	1824	-3368	176	138	96	2
-25788	-22556	15264	4104	1100	1707	-16456	-28568	10192	417	5515	2399	-7664	-488	18288	1359	299	-35	-32768	-16336	-32768	-1799	-1043	4418	400	5976	-32768	-712	-1660	44	-5080	1096	28568	-336	-1366	-300	110	170	2
-18460	-5836	22616	3356	2916	1428	-27440	-22920	22928	1257	6824	2031	-3400	-3216	13976	1473	-1185	137	-32768	-32768	-32768	-2618	-1665	-589	17072	-13312	-32768	-2452	1277	-210	-3832	-24928	24104	-2201	2268	643	113	157	2
-20792	-7392	28184	1254	4829	2090	-32128	-17752	22464	-370	5756	2662	-12104	11976	17256	2345	-2212	-346	-32768	-28808	-32768	1481	1218	-553	-3576	-32768	-30744	-587	3648	-315	25160	-4424	-32768	3314	9307	2064	131	98	2
-29620	-10380	31688	-386	5030	2719	-30960	-17568	12968	-2925	3909	1766	-16408	13200	11592	1133	-2041	30	-32768	-22096	-32768	872	5232	-2355	7424	29616	-9688	2698	3031	-132	11392	-1416	-19016	3424	-1174	773	129	154	2
-32768	-17840	32767	-888	3171	2556	-25008	-13904	4368	-4447	2342	1296	-24400	1424	2872	-890	-1989	375	-32768	32767	32767	-14338	2834	-4769	-32768	32767	32767	-8519	7210	5601	-32768	20264	-32768	113	1661	-2145	137	146	2
-26356	-17620	32767	-695	1323	1457	-25792	-22376	1656	-3483	772	1226	-32768	-16416	-7472	-2038	-1779	1044	-32768	32767	-32768	761	2793	4859	23760	-32768	-32768	4209	9136	-896	-27184	-32768	-32768	98	3457	3312	145	213	2
-9192	-27440	32767	1401	-588	452	-32744	-28584	3112	-756	399	979	-32768	-5288	-16328	1551	-3347	-1833	-8536	-6584	14480	-168	943	-1306	3224	10336	-32768	1052	3205	-711	32767	-32768	-32768	4526	1459	1041	95	253	2
-2144	-17376	26180	1700	-2737	-1130	-4880	-10504	-8648	2750	-367	-1045	-32768	-8528	-31336	3282	-4263	-1742	3984	-7768	21016	709	1140	-131	-32768	-776	-24592	-1281	4004	-896	-32768	19576	-32768	3283	3372	-1587	153	32	2
-2436	-11508	15248	620	-5436	-2437	-3296	920	-8760	3700	-1872	-1714	-32768	9344	-32768	1214	-4442	-1328	-11368	-1344	19160	507	1943	-826	-31120	-8568	-25352	954	2165	-188	-32768	32767	-32768	-2463	5422	1109	169	46	2
-4172	-7472	9072	-779	-7142	-3036	-1456	-168	-5464	3043	-4199	-1886	-30384	6256	-32768	287	-5495	-997	-11744	13968	22416	832	3549	-779	-32768	8016	-13336	943	1655	-609	-32768	-4680	-10344	-2075	4331	-1006	176	0	2
-10808	-8312	8448	-1802	-7732	-3266	-800	-4048	-5304	2855	-5946	-2445	-13064	7272	-31920	-269	-4847	-1225	-5680	14360	24792	690	5772	-982	-32768	1712	-7032	828	1081	-959	-32768	9440	-3904	-581	4368	-1369	135	161	2
-18308	-7592	9800	-2746	-8013	-3819	-8792	-2264	-5016	2913	-6849	-3012	-5992	-1824	-29992	-140	-4124	-643	2336	8328	23880	604	7344	-1540	-32768	6296	6568	-322	183	294	-32768	-3984	4824	-1932	4627	979	96	242	2
-23892	-4844	12076	-3613	-8082	-4413	-16112	-2320	-3496	2132	-7647	-3329	-64	11864	-24768	451	-3345	-726	-6632	6472	21096	966	8477	-3184	-32768	6440	11928	433	18	-6	-32768	-10568	16088	-986	4239	1764	118	159	2
-27280	-3880	11820	-4450	-7908	-4770	-15880	-3992	-6656	1145	-8016	-4005	6376	10512	-24696	312	-1924	-298	-24424	7272	20944	1124	9190	-3754	-32768	40	13536	964	-223	481	-28088	-7208	32767	1719	3435	1554	115	157	2
-30916	-4932	9356	-4237	-7450	-5104	-13192	-2520	-12944	723	-7654	-4718	19640	16280	-24872	-778	-728	-253	-32768	19952	23960	1422	8190	-3278	-8840	14856	15272	2140	-7	-193	-5184	-536	32767	1048	1269	-915	111	166	2
-32768	-4056	5652	-3401	-6788	-5408	-15600	-1144	-21608	1539	-6594	-5544	25152	11992	-29448	-1939	-204	-81	-32768	-2432	12048	2311	6254	-3089	-3568	12968	-1888	617	2089	-1030	-11752	4672	32767	-873	-907	-68	108	149	2
-32768	3484	1132	-2655	-5573	-5950	-32072	3312	-26384	2555	-5045	-6053	16944	10672	-21304	-1589	-233	374	-32768	16704	-12568	2655	5564	-3594	-15608	2584	1376	258	3923	-887	-14232	1208	32767	-2624	-447	75	113	128	2
-32768	19324	1860	-3498	-3709	-6919	-32768	7184	-32768	2490	-4277	-5587	5272	-392	-10360	-1957	-529	-199	-27352	23072	18704	510	3226	-1468	-30576	11728	9320	250	5079	-1125	-1984	-11680	28552	-2120	545	318	113	106	2
-32768	32767	-11516	-3796	-1801	-7261	-32768	18392	-32768	2632	-2769	-3469	-11320	-18528	10936	-1995	-1575	-1132	-27136	11560	27400	-633	3561	-2081	-32744	3584	15824	141	5063	-1249	-3312	-12944	19048	572	-886	-196	111	96	2
-32768	32767	-28300	-1280	777	-5031	-32768	26840	-32768	218	-1629	-552	-22704	-20472	22768	-935	-883	-1355	-27272	7968	32767	890	3777	-3015	-32768	-936	18032	1558	5218	-1380	-8248	-9480	13712	2229	-1765	-724	108	109	2
-32768	32767	-32768	1034	288	478	-25088	22304	-32768	-806	880	716	5688	-4848	26064	29	2034	-334	-31792	21528	32767	2263	2832	-3828	-32768	6160	12568	2319	5234	-1610	-10040	-13576	11488	2519	-1266	-746	102	150	2
-14200	32767	-32768	2146	3105	5296	-30624	32767	-32768	-972	3455	1173	9728	31216	-15760	-2496	5255	2659	-31992	24304	32767	2321	2571	-3881	-32768	3592	9448	1934	4757	-1163	-21648	-2672	12488	2232	-850	-450	63	131	2
-32768	-32768	-32768	9875	531	8136	-856	-32768	-32768	-4235	5902	129	-32768	-32768	32767	-2770	68	-199	-26968	32767	32767	625	-109	-2511	-32768	1248	-1672	1903	3725	-482	-32768	13568	-9704	2940	530	-1311	194	142	2
-23796	27572	32767	2317	1797	1471	-32768	32767	32767	2584	5077	5443	-32768	19552	-31128	4797	869	-102	-7456	32767	32767	-1426	-979	-127	-32768	9296	-1360	377	1537	-27	-32768	23704	-14048	-255	-2490	532	171	156	2
-11840	-32768	6844	-306	1788	-327	-7608	-21696	-8864	-1422	6379	2747	12616	32767	-32768	-2361	2091	-954	712	27976	28768	-2837	-2143	1742	-7936	11112	-1296	-1610	-833	465	-32768	11880	-27736	-2991	-3987	-14	168	127	2
-6400	-4180	18168	-236	927	30	-32768	-5240	-13168	-3088	1531	720	-11712	5184	-32768	-3666	742	5162	424	14936	20816	-2036	-3905	3433	-5720	3704	-11200	-3658	-2717	-12	-32768	5984	-32376	-2545	-4028	146	119	136	2
-11336	-9792	11184	-201	1251	878	-24512	-9640	-12248	-4321	571	912	-32768	-32768	-32768	-3454	5276	3913	-7136	7448	14880	-346	-5698	4374	-7016	-2072	-10768	-2639	-5136	343	-32768	4560	-32768	-778	-4384	-322	88	145	2
-16316	-17508	15180	-115	2154	703	-19248	-32768	-9224	-690	-211	1577	-32768	-3192	-26040	1928	3736	1654	-14360	9072	11792	491	-7055	4231	-3024	4040	-8824	-403	-6303	695	-28800	15856	-32768	168	-4715	-870	31	253	2
-6828	-12820	30524	324	3806	1781	-32768	-29448	-4904	-352	-157	2625	-32768	-9152	-7016	-671	4088	2204	-20936	10576	13584	862	-7536	3917	-10384	4952	-12568	-346	-7365	551	-17888	31728	-32768	-2209	-5199	-662	83	213	2
-9888	-12036	31100	237	5263	3048	-32768	-32768	18152	-428	-188	2679	-32768	-3032	10696	703	4330	1899	-28464	12080	13672	966	-8060	3960	-12008	-1280	-13048	589	-7909	821	5096	2584	-32120	-4129	-4813	-472	103	171	2
-6800	-20232	28608	-572	6242	4063	-32768	-32768	25480	-690	342	1359	-32768	1984	32767	-478	4594	2192	-28776	14280	15032	944	-8159	4094	-12040	-24	-12048	1175	-8307	1579	11432	-8520	-24520	-3748	-2014	-461	132	164	2
-19152	-17428	19780	-1049	8520	5739	-6984	-8360	22992	-1639	-713	443	-21944	-13000	32767	-509	3853	1467	-28040	12864	17800	1201	-7702	4320	-16072	1624	-10952	850	-8663	2454	14216	752	-23616	-1424	-420	-1032	105	126	2
-23336	-15132	13280	-2145	7916	5245	18960	-19808	9768	-2819	-946	1331	-9112	-11792	32767	-621	2306	1333	-32768	22728	22200	1888	-6832	4442	-27672	2800	-14576	52	-8833	3024	23096	-3912	-25928	-575	321	-668	53	253	2
-31864	-6752	12308	-1625	5514	5050	-3736	-15736	-5736	-1403	1579	1833	-4768	-26704	19232	-448	-270	583	-32768	27416	27400	2240	-6016	5408	-32768	-6712	-32272	-856	-8301	3826	10640	-8168	-15096	1679	-605	-903	60	230	2
-25976	20040	-11956	337	5930	5650	-10856	-14880	-184	-1456	2286	2713	-9920	-20072	19640	1130	0	-263	-32768	10696	12872	2983	-5505	7689	-32768	-11528	-32768	-1919	-7330	3236	-3176	10224	9984	675	-2914	-93	41	253	2
-29352	-32768	17608	2925	2502	1719	-8152	-29144	2760	-117	4562	2398	-7688	-10216	13800	1207	140	-221	-32768	-21592	-20552	1676	-3812	8582	-16264	-11896	-32768	-2527	-5173	1159	-4440	12120	19472	1102	-2242	287	196	0	2
-17404	-9084	21632	4115	1491	1410	-11712	-18064	15400	1439	5509	1808	-6208	-11376	8888	1557	41	-300	-32768	-16752	-32768	-2793	-1392	4758	488	5512	-32768	-979	-2086	70	-11016	-4224	32767	1185	-1891	398	206	0	2
-11792	-5464	28116	2113	1897	1610	-15224	-14248	25456	527	5162	1804	-6392	-3592	16840	2916	-1545	-204	-32768	-32768	-32768	-1421	-2112	-679	17840	-21232	-32768	-1312	1231	197	-2352	-30112	30816	-652	681	993	196	0	2
-14468	-12408	32767	174	2375	1962	-22976	-15728	23088	-757	3848	2007	-6656	8744	22384	3105	-2304	-106	-32768	-26128	-32768	4171	1201	-680	-3328	-32768	-32768	1833	4661	-348	21448	-25024	7504	-2063	7124	1994	187	0	2
-23860	-17880	32767	-783	1473	1823	-26248	-18328	16272	-2448	2371	1920	-13360	15248	13720	1317	-2437	263	14592	-32768	-11840	1088	6322	-4843	-6712	-32768	-32768	2268	4737	-365	26256	5592	-32768	8991	2173	682	169	0	2
-25656	-21512	32767	-578	-53	1522	-20400	-20360	10280	-3401	1361	1237	-19960	4032	9704	-750	-2637	394	-32768	32767	32767	-23038	-4195	-7714	-32768	32767	-32768	-5069	6696	-814	-32768	32767	32767	-7265	-3962	-692	166	99	2
-21012	-10288	32767	-894	-922	1195	-24008	-16968	3512	-2329	484	843	-32768	-27136	-7544	-1942	-2208	683	32767	-32768	32767	-1901	-451	-10083	-25184	-32768	-32768	-9513	6763	-13723	-32768	-7008	-32768	-1928	3007	3570	186	95	2
-15956	-32672	30444	538	-1714	169	-32768	-32768	2544	-1357	-36	1078	-32768	-4848	-13600	1359	-2669	-1220	-28144	32767	-7744	-85	829	64	32767	32767	-23680	6127	1973	2320	32767	-32768	-22704	2571	1378	2005	38	254	2
-14536	-19932	27240	1404	-3021	-1448	-18104	-16480	-8936	1865	-891	-677	-32768	-4960	-17712	2813	-4547	-1732	5104	15464	17208	573	714	639	-29872	-8504	-1712	-179	4626	-1034	-30968	9992	-32768	5926	2114	-1627	58	253	2
-13688	-12300	18000	714	-4947	-3162	-18008	-14280	-8752	2281	-1102	-1013	-32768	2360	-31104	1929	-4199	-1627	-9680	17064	13904	511	1598	-250	-21072	8960	-22584	496	3161	-446	-32768	32767	-32768	-789	6079	833	99	253	2
-12000	-4512	11220	-17	-6555	-3420	-9768	-7288	-11184	3849	-3844	-1801	-32768	4616	-32768	684	-4914	-1489	-10296	7616	19400	544	2506	-640	-29264	9544	-22896	413	2035	-737	-30168	-6672	-15768	-2185	3979	-677	145	0	2
-19256	-4960	10328	-1258	-7312	-3066	-11272	-2472	-10936	3647	-5425	-2200	-18672	7536	-32768	333	-4946	-1504	-4744	7960	25776	730	4219	-1284	-30512	9408	-18512	273	1861	-802	-32768	16104	-7592	976	3720	-1599	154	26	2
-22136	-5580	14036	-2087	-7673	-3202	-11440	-2904	-10712	3575	-5673	-2295	-8640	2408	-28624	-58	-3860	-392	-10704	10448	25632	549	6308	-1626	-32768	11280	-40	807	891	-250	-32768	3672	3672	-1361	4135	647	151	43	2
-30644	-5896	15920	-3196	-8028	-3429	-23848	-5680	-10464	2026	-8063	-3111	-7640	10080	-26152	404	-2756	-249	-5696	6736	24768	1055	7863	-2622	-32768	568	7360	329	143	-438	-32768	-16968	9752	-1525	3723	1279	153	0	2
-32768	-7324	10600	-3673	-8040	-3971	-24120	-7288	-13688	1231	-8114	-3710	4936	12480	-23456	160	-1334	-283	-16376	11024	23536	1518	9010	-3541	-32768	1896	10872	1418	-349	-176	-27344	-8192	-2328	463	751	905	138	0	2
-32768	-8816	6356	-2842	-6795	-4616	-19688	-9480	-19120	1723	-7037	-4514	16024	9600	-18648	-140	-1189	-293	-20832	8536	21952	1653	9062	-3631	-26280	12528	13688	2105	-559	-92	-15720	25664	26856	3847	3264	553	125	81	2
-32768	-5700	1572	-1892	-5269	-5073	-23200	-9080	-29776	3310	-4752	-5152	16600	7648	-13872	677	-1210	-662	-32768	16448	15088	3069	7441	-2985	-10056	14896	3248	1236	362	-348	-15736	10304	32767	-718	897	-276	128	88	2
-32768	7164	-3512	-1590	-4006	-5667	-32768	3864	-32768	4325	-2982	-5080	11080	8376	-6632	832	-440	116	-25656	18600	-1584	3340	4440	-2942	-4008	10376	-464	278	3180	-1208	-13448	-5736	32767	-3800	-306	91	134	91	2
-32768	10308	-3924	-1672	-3773	-5768	-32768	9808	-32768	3870	-2305	-3904	7144	-3400	-264	-80	-936	-229	-23248	32767	14016	1545	3162	-2645	-17512	5912	-3352	401	5014	-1217	336	-11312	32767	-2466	-99	180	134	90	2
-32768	32767	-22516	-1876	-382	-5744	-30720	21720	-32768	1698	-2114	-1671	-8128	-6680	13008	-229	-1417	-1085	-25040	22192	19136	-436	3161	-1659	-31208	8712	12824	74	4688	-1120	-3784	-11024	20552	465	381	-67	133	102	2
-32768	28708	-32768	53	-675	-1757	-15776	8520	-32768	-809	-1544	-533	-9280	3176	10624	-848	-1373	-1323	-25416	8104	27040	-235	3789	-2177	-31576	6704	13384	10	4700	-1131	-8168	-5160	10632	1855	-847	-500	121	121	2
-32768	32767	-30360	-775	-1347	1660	-23504	25688	-32768	-1865	637	226	2656	4816	8288	-1547	802	-638	-25072	11464	32767	1505	3556	-2985	-32768	2008	13544	1810	5093	-1304	-16248	-15544	1664	1782	-3120	174	104	161	2
-32768	26076	-28260	-2534	147	1373	-21576	23768	-26200	-2639	2192	1523	10488	16480	-19800	-3748	6071	1784	-26920	22496	32767	2611	2131	-3526	-29456	2424	10552	2480	4781	-1411	-9672	-13872	8312	1877	-831	-390	83	127	2
10728	-16744	4168	2698	3951	991	664	-4280	-3576	-2424	1799	1753	7816	20752	-32768	-1479	3928	1971	-22456	32696	32767	2149	303	-3093	-28584	4120	8344	2490	4277	-609	-18616	-11128	16168	2551	-590	-585	133	122	2
-32768	-32768	32767	16676	-10118	5210	19040	-32768	-32768	4206	-6	305	-32768	-32768	32767	-3256	-4020	-85	-24584	32592	32767	1150	-685	-2180	-32768	4808	-1528	2430	3229	-160	-32768	24536	-9720	4978	1110	-1369	1	173	2
-32768	32767	32767	1757	1958	3373	-32768	18568	32767	1318	9889	7240	-32768	13272	-19728	9475	845	25	-8648	32767	32767	-652	-1080	134	-32768	16680	-4432	302	949	158	-32768	25352	-19096	-68	-2591	879	186	133	2
-1380	-32768	7036	-1215	2705	-656	28000	-32768	-12032	-3127	7607	3431	32767	32767	-32768	-4406	2962	-814	-7192	32767	32767	-2908	-2431	1530	-11016	15096	-3360	-2448	-1667	807	-32768	20880	-27680	-3340	-5073	1043	189	77	2
-432	-8980	21852	-338	1484	777	-32768	-6496	-21872	-1901	2246	-865	4504	-2360	-32768	-7292	-933	5120	-6768	14384	22632	-1993	-4417	3464	-14552	552	-13272	-4185	-3311	129	-32768	-744	-24128	-3392	-4599	-194	129	31	2
-7512	4412	20592	-441	1410	962	-32768	-520	-13672	-4149	391	424	-32768	-32768	-32768	-6188	8776	3138	-8808	6912	14344	-2	-6065	4496	-8888	-8504	-12776	-2260	-5542	597	-32768	-4544	-32768	-534	-4490	-840	103	54	2
-13476	-26048	16044	-420	2776	824	-13424	-32768	-712	-1074	349	1805	-32768	1608	-5440	3372	3293	839	-15720	9336	12128	925	-6749	4441	-7512	2680	-10384	474	-6667	1131	-27792	19216	-32768	402	-5822	-619	104	146	2
-11232	-24056	21240	-221	2939	1238	-32768	-26992	3592	91	624	2216	-32768	-232	-2312	-282	3887	2226	-24256	12288	13944	978	-6957	4143	-12960	5000	-14184	111	-7599	1187	-13656	14888	-32768	-2525	-4859	-177	0	253	2
-8268	-10416	27936	157	5545	2617	-32768	-32768	19128	-401	930	1979	-32768	3640	11488	188	3700	2048	-30760	14528	13624	862	-7273	4195	-14344	-688	-15536	-60	-8111	1459	7112	-6496	-28872	-4328	-4090	-400	43	253	2
-9900	-15480	20148	-558	6449	3637	-30360	-32768	26864	-1179	611	1393	-32768	-6560	23544	-1116	4075	1572	-32768	16480	11432	744	-7114	4529	-14984	-2216	-16648	-41	-8293	2264	11960	-13312	-23448	-2287	-1477	-216	95	253	2
-19612	-16160	18984	-970	8492	4565	-14952	-23688	32767	-1619	601	615	-22960	-17944	32104	-929	3342	1291	-32768	16456	5960	940	-6077	5272	-14984	-1880	-21344	-176	-8205	2905	18712	-8096	-25048	-1297	-869	-730	123	189	2
-31916	-18232	19624	-1139	7806	4530	10056	-17808	11920	-2264	113	1171	-6656	-13768	32767	-198	1679	619	-32768	18512	2744	967	-4441	6463	-21776	-888	-30944	-1259	-7887	3095	22176	-2720	-20376	199	-1027	-849	114	159	2
-32768	-4536	22804	-1692	5883	4387	4464	-17280	-2912	-1304	922	1778	-3120	-22016	25944	993	253	161	-32768	10872	-2120	694	-3388	7183	-29672	-7640	-32768	-2238	-6814	3121	5528	5784	-1584	1669	-2151	-612	102	146	2
26264	-1188	-9184	-1286	4716	4738	-4176	-15376	1480	-1265	2547	2383	-7088	-16440	24616	1714	43	-444	-32768	-12768	-16832	873	-3529	7462	-22680	-15248	-32768	-3187	-5753	1966	-4352	8904	9384	1764	-1769	228	114	117	2
-27128	-25036	18444	2096	2000	1466	-10344	-25280	7864	-828	4000	2119	-8800	-3144	18440	1836	-56	-275	-32768	-32768	-32768	1191	-3127	6472	2584	-16704	-32768	-623	-3159	545	-5776	7296	19120	828	-2241	405	102	112	2
-17216	-11004	23908	2831	1495	1412	-13896	-17784	18056	598	4769	1587	-7488	-3128	18640	1801	-71	-254	-32768	-24928	-32768	-1106	-2364	1974	3072	-2408	-32768	2027	-511	-4	-3048	-9264	11528	140	-1198	497	112	100	2
-17284	-3616	29920	1071	1748	1861	-22856	-14968	24296	-89	4634	1653	-5392	-1568	14608	1497	-1608	113	-32768	-31144	-32768	-1172	-1598	-3381	11544	-11808	-32768	1500	1563	635	7840	-13488	7896	-638	2292	814	116	103	2
-18196	-10424	32767	-728	1336	2346	-26128	-15256	21104	-1945	3100	2133	-11504	9016	17160	1518	-2334	62	-32768	-17136	-27640	3241	451	-667	2848	-32768	-32496	140	3593	-599	22704	-2064	-31472	1298	8620	1684	116	54	2
-21856	-14684	32016	-1232	287	2448	-22408	-16800	15576	-3767	1679	1795	-13744	7648	11024	574	-2507	311	18984	-4384	-8216	1351	3568	1016	-5920	-14536	-3800	613	3299	-373	8296	1296	-32768	5044	2747	193	119	98	2
-19764	-20512	27908	-697	-994	2224	-17424	-17288	9680	-3751	1115	1526	-17208	9192	12168	-27	-2451	93	-32768	32767	32767	-16202	-3101	-808	12464	32767	-32768	-10028	4353	-966	-32768	28840	32767	-6420	-7601	259	141	231	2
-12596	-12864	28380	-420	-1202	1502	-17144	-12192	808	-2297	665	905	-32768	-28584	-8760	-2426	-1975	486	-32768	-32768	32767	-1283	-2904	-17802	-32768	-32768	-32768	1763	12452	-1682	-32768	15752	10072	636	5588	2793	161	157	2
-9820	-28108	29392	394	-914	6	-32768	-32768	2976	-908	-287	900	-32768	-11800	-16056	1144	-1547	-1013	-13512	32767	-3120	59	1320	2249	21768	32767	-32768	1975	4463	4947	14800	-32768	-1248	-1374	759	4724	175	40	2
-18008	-27464	26804	1479	-2681	-1946	-19712	-25584	-10984	2238	-930	-571	-32768	1328	-18480	3198	-4182	-1550	8376	-22680	23944	692	1307	25	-15952	-22432	-28336	-2286	5253	-1017	9520	-25792	-32768	5673	2030	-783	217	0	2
-15304	-10872	17828	876	-4854	-3582	-15200	-5592	-13720	4195	-2351	-2228	-32768	2712	-23800	1661	-5080	-972	-16232	22088	10368	894	2164	-644	-23536	8152	-32768	969	3548	272	-32768	32767	-32768	4480	4357	-3411	183	0	2
-15956	-2244	8800	-572	-6135	-3715	-13344	-3848	-10728	3608	-3765	-2043	-32768	4800	-30328	543	-5020	-1267	-11048	19920	15488	724	3092	-429	-26784	21768	-23328	2352	1434	-336	-32768	19224	-26136	-3637	4315	91	151	121	2
-17520	-2656	6860	-1852	-6649	-3113	-9024	-1408	-11360	2806	-5408	-2318	-13416	5000	-27600	-288	-5000	-952	-8904	2896	27744	507	4823	-1537	-32768	4600	-7400	766	2875	-1083	-32768	1536	-3496	-859	3773	-2149	152	68	2
-22936	-4440	11232	-2728	-6934	-3054	-14184	-2656	-10320	2089	-6871	-2893	-9424	1144	-23384	-427	-3469	9	-3272	5192	30560	405	6938	-1924	-32768	5536	1392	56	695	-813	-32768	-5320	8104	-1439	4351	493	135	80	2
-28044	-5584	12348	-3451	-7253	-3389	-19568	-5944	-9960	1471	-7573	-3216	-7808	8480	-25256	270	-2651	-285	-8200	6240	28416	1278	8249	-2664	-32768	-1224	11752	418	178	-825	-32768	-10240	22744	-1035	3998	1411	134	75	2
-30776	-5800	8192	-3526	-7091	-3947	-20552	-5472	-13088	1150	-7326	-3908	1912	8376	-21808	-201	-1655	-115	-23008	11488	21640	1458	9740	-3327	-32768	1808	15352	1109	-252	-391	-28016	-11136	32767	337	3035	1376	120	73	2
-32768	-3836	4668	-2995	-6015	-4385	-21248	-6640	-18216	1430	-6403	-4444	12968	10584	-17920	-809	-925	-104	-32768	22024	24056	2087	9170	-3153	-15440	13272	17160	1797	413	-361	-12888	-6352	32767	687	959	-631	113	113	2
-32768	-512	-1960	-2536	-4992	-4670	-22952	-4616	-31400	2156	-4936	-4803	15984	5496	-20368	-1249	-555	-329	-32768	9784	32767	3474	7492	-2831	-7496	16568	8696	728	1499	-970	-10720	14848	20624	-791	-738	-82	99	124	2
-32768	9032	-9584	-1896	-3893	-5154	-29240	9376	-32768	3267	-3387	-4960	10776	4912	-13648	-702	-40	4	-5768	32767	7464	2456	5441	-2860	-18544	11032	6176	-94	3119	-1218	-12712	712	28448	-2394	-511	394	110	121	2
-32768	25784	-13428	-2560	-2179	-5837	-32768	18176	-32768	2924	-2581	-4141	4416	1992	-6128	-756	-723	-349	-29704	32767	27432	259	4935	-2089	-21448	10016	-2000	-492	4279	-1321	-10128	-12272	29944	-1867	-290	-74	118	118	2
-32768	32767	-24848	-3294	227	-5750	-32768	25696	-32768	1107	-2147	-2146	-3944	-4608	9784	-551	-1746	-879	-22184	21256	28856	-638	3097	-724	-28240	2216	13384	-1079	3969	-897	-5288	-10712	14584	-879	-1140	-110	113	115	2
-32768	32767	-31084	-3918	1444	-3974	-24552	24008	-32768	-1633	-1778	-37	-3144	-128	15016	-1058	-1265	-931	-17744	5480	31832	794	2313	-1156	-28336	-3088	19016	563	3912	-737	-5504	-5640	4264	1364	-349	-688	132	127	2
-32768	32548	-32768	-3581	652	-300	-20832	15168	-32768	-3317	-269	1049	7920	8576	14120	-2068	2644	360	-17344	13872	32767	2439	1513	-1978	-27936	-48	15784	2240	3594	-675	-7408	-19168	16624	1972	-1397	-280	137	132	2
-32768	28676	-16964	-2181	781	2291	-22232	23232	-17784	-2799	1938	1686	5648	19672	-32768	-4596	6329	1874	-23816	23632	32767	2164	-90	-2317	-27248	4008	7760	2380	3425	-547	-15312	-6320	15928	2303	-1269	-523	73	110	2
-22828	32767	1744	3102	3930	6364	-14848	-12280	-32768	54	1630	1697	-22960	-3304	32767	559	-1106	1174	-26216	28160	32767	858	-1974	-1808	-30288	2032	896	1889	3031	-242	-31016	12512	9944	2125	-1023	-744	196	127	2
32767	-32768	24564	15143	-4559	9692	-32768	-32768	32767	-29742	22658	3362	-32768	-32768	-32768	-1843	6157	-1590	-17120	25784	32767	-409	-2734	-846	-32768	1664	-6856	1339	1478	255	-32768	29408	-12672	727	-122	-684	169	143	2
-32768	-32768	1076	-1336	2689	-1439	13160	-4152	11632	-5240	6740	5465	-22296	32767	-32768	5444	1425	-948	-15328	27952	27624	-1783	-3565	257	-31112	14128	-10592	-210	-1241	500	-32768	23832	-19448	-2469	-3139	475	39	158	2
-22872	-3424	11464	605	1754	1111	216	22336	-2304	-1053	5755	1610	32704	32767	-32768	-4408	2015	1416	-18624	19368	18464	-2277	-4887	1376	-12760	8280	-18544	-2962	-2397	-274	-32768	11912	-20992	-3080	-4401	-415	136	253	2
-18968	-8116	10848	-318	1895	339	-32768	-7480	-32768	-3875	-214	994	-32768	1304	-32768	-6609	2008	5228	-13304	8520	8800	-1541	-5843	2568	-14856	-4968	-20216	-3237	-4392	18	-32768	2096	-29448	-1629	-4440	-774	147	216	2
-14352	-540	17548	-267	1632	940	-32768	3168	-32768	-5008	742	1004	-32768	-32768	-32768	-240	3303	2572	-17520	6904	3984	-608	-6641	3085	-6368	-1416	-16736	-952	-5446	288	-27040	5864	-29440	500	-5079	-504	149	194	2
-11276	-17680	21712	-204	2783	1502	-26544	-32640	-12768	-618	-32	1684	-32768	1416	-10552	2230	3827	1649	-19560	7272	5464	134	-6732	3170	-6752	2080	-16104	66	-6420	296	-15024	17184	-28488	-886	-4997	-441	156	215	2
-6928	-13904	27540	403	4540	2251	-32768	-32768	2616	710	-332	2460	-32768	1160	-2280	-525	4436	3125	-24736	11192	7216	778	-6940	3288	-7080	2280	-16160	95	-6547	280	-6960	13208	-30080	-3851	-4927	-834	120	11	2
-8692	-13508	28076	338	4736	2326	-32768	-32768	17736	-592	457	2204	-32768	-3712	15456	463	4719	2458	-25592	11392	5992	718	-7041	3547	-7904	328	-17144	150	-7205	1259	8376	-5296	-25120	-3928	-2585	-403	129	0	2
-5632	-19608	18528	-714	6943	4311	-32768	-32768	28080	-904	636	1326	-32768	-8888	32752	-596	4518	1813	-27728	6824	920	747	-6636	3958	-3312	-1976	-18680	-48	-7317	2024	12200	-7592	-23472	-2747	-1045	-1112	150	13	2
-21700	-18792	22496	-219	8619	5710	648	-19792	21968	-1846	-772	1111	-23688	-22648	32767	-469	3447	939	-32768	1616	-2224	1238	-5625	4156	-6096	-1776	-25488	-714	-6919	2279	15192	-1184	-20224	-1216	-208	-1163	147	3	2
-32768	-23456	12872	-1131	7667	5627	18728	-18240	4600	-1582	-418	1073	-1824	-23968	32767	118	771	798	-32768	-272	-4488	1815	-4558	4456	-12504	-4320	-32768	-1172	-6248	2242	14488	2992	-11168	1712	10	-711	141	10	2
-32768	-6956	15396	-2401	5467	4836	-6160	-15848	2056	-1437	1420	2394	-9096	-25544	32088	1783	-646	-383	-32768	-4136	-9552	1667	-3629	5046	-13104	-5200	-32768	-1303	-6083	2207	6208	3904	-7384	1908	-751	-187	127	32	2
-32768	-12636	10752	-199	4198	4981	-24488	-13664	-5304	-2414	2498	2831	-9648	-8224	23656	1626	-711	-339	-32768	-8912	-19000	474	-2601	5316	-10432	-10080	-32768	-2122	-4135	743	-3608	14016	4264	1813	-1509	247	137	47	2
-32040	-32768	19420	1727	1162	2006	-11520	-32768	11640	-1816	3874	2688	-6968	2424	11128	1540	-613	-120	-32768	-14528	-29960	-1219	-1698	4351	-5216	-5744	-32768	-725	-2322	21	-11896	6816	12096	951	-1355	39	138	53	2
-16232	-13468	24536	2805	1582	1968	-17672	-24216	20672	496	4831	1863	-6288	-5464	9208	1427	-1476	37	-32768	-16032	-32768	-2187	-1485	1521	4104	3088	-32768	-220	-128	44	-10928	-7424	9120	161	-730	875	137	56	2
-12740	-8124	29192	1072	2368	2000	-21256	-15720	23672	-379	4481	2071	-10592	1048	11624	2364	-2099	-489	-32768	-28616	-32328	-144	-712	-588	4384	-18680	-32768	-455	1891	16	10584	-10840	13704	-870	4577	1465	130	67	2
-16420	-14272	32767	-358	2101	2051	-18704	-15232	18120	-1568	3082	2127	-12008	10800	11240	1824	-2485	-189	-2872	-32768	-32768	3376	1718	-860	2592	-26736	-7128	1076	2444	39	17408	-10864	-32768	5155	7160	947	110	106	2
-17944	-19712	32232	-315	838	1757	-18680	-15352	11728	-2494	1952	1551	-17480	7800	9752	584	-2666	-58	-32768	32767	32767	-3860	5607	-6424	9648	32767	-32768	2190	3002	-5	-11544	-12464	32767	-2713	-4703	-399	62	253	2
-15784	-18528	31200	111	-450	850	-17376	-10240	4816	-2031	1154	914	-32768	-10352	-2936	-1268	-2417	-136	32767	-32768	32767	-3241	-352	-9725	-32768	-32768	32767	4286	17616	1076	-32768	32767	-32768	6378	4836	-1560	64	253	2
-13156	-22752	32767	407	-1246	-800	-29680	-24672	4424	-766	107	563	-32768	-16800	-4528	-1621	-2369	-12	-32768	32767	-5912	435	1230	105	18232	32767	-2864	4172	6352	2561	-256	-32768	-30976	1807	1712	2453	94	253	2
-9448	-26200	26608	1649	-2627	-2047	-27928	-27984	216	1278	-598	-192	-32768	-8952	-17752	2283	-3076	-1881	-1664	3816	17128	640	503	-236	-15768	-8144	10224	-263	4746	-799	32767	-5880	-32768	3468	2371	144	118	214	2
-12736	-12744	19432	871	-4306	-3277	-10248	-9176	-11056	3849	-1838	-2112	-32768	2216	-23320	2127	-4809	-1419	-6704	23256	16144	1005	1799	-22	-30248	13000	-24520	1152	3370	363	-32768	32767	-30200	2680	3983	-2109	123	195	2
-16368	-7916	13440	-598	-5761	-4398	-14096	-2224	-10992	4059	-3206	-2283	-32768	6576	-28040	896	-4716	-1265	-14240	13920	16208	1038	2763	-295	-32768	21992	-22912	842	2552	-471	-32768	32224	-21112	-1309	4315	-229	122	138	2
-18952	-7284	7804	-1036	-6746	-4617	-9800	-4456	-9680	3452	-4788	-2560	-19416	6024	-27616	-374	-4707	-1118	-7416	6208	24568	563	4408	-1459	-32768	3544	-18912	735	1629	-1190	-32768	3288	-7984	-1611	3870	-502	141	66	2
-23860	-5176	11088	-1660	-6764	-4360	-14088	-3664	-9192	3147	-6120	-3106	-10640	608	-25112	-824	-4153	-223	-7952	6032	32767	634	6146	-1773	-32768	-2184	-1280	664	1121	-310	-32768	-4328	552	-1345	4098	239	163	0	2
-27344	-5584	13300	-2362	-7069	-4382	-19432	-5944	-8792	2561	-6840	-3225	-6656	7968	-23744	333	-3196	-270	-8216	3328	22864	1203	7740	-2460	-32768	-2472	6184	666	210	-116	-32768	-7952	12912	-808	4163	1581	148	80	2
-30788	-2164	11004	-2976	-7305	-4235	-22216	-4384	-10584	1669	-7352	-3609	-448	5224	-22144	101	-2107	-381	-16976	10040	20496	1538	9104	-3289	-32768	6904	12144	855	-198	61	-32592	-6544	28784	6	3707	1637	112	87	2
-32768	188	4924	-3358	-7108	-4017	-20360	-1192	-18304	917	-7240	-4068	13776	10160	-21168	-310	-757	38	-29888	16488	24704	1875	9175	-3188	-25160	12912	21888	2192	351	260	-12624	8760	32767	250	1461	711	112	144	2
-32768	1284	-516	-3038	-6136	-3783	-19512	112	-26928	982	-6442	-4417	18136	9352	-22480	-834	-295	-259	-32768	22064	23552	3258	8269	-3084	-5288	15736	10464	622	1134	-754	-13624	-5800	32767	-1271	-1089	-3	103	139	2
-32768	6044	-9104	-2350	-4935	-3948	-29240	5744	-32768	1903	-4762	-4872	13392	9536	-17728	-1546	-132	284	-26984	23352	8344	3561	5592	-3146	-18632	7632	6200	211	3134	-1202	-12504	-1016	32767	-3224	-717	233	107	125	2
-32768	21412	-15348	-2396	-2883	-4815	-32768	14840	-32768	2129	-3485	-4435	3584	40	-8624	-1552	-492	-393	-32768	32767	23776	1594	4727	-3036	-22424	5840	-2704	255	4311	-1115	8616	-12368	26072	-1651	11	36	125	111	2
-32768	32767	-25748	-2495	-837	-5662	-32768	22656	-32768	2128	-1534	-2847	-7072	-4936	4584	-1090	-1603	-999	-22776	31368	28288	-57	3346	-1403	-31376	5280	15848	-362	4301	-847	-4888	-21216	17752	797	-1082	-58	87	172	2
-32768	32767	-32768	-1267	1091	-4434	-28720	27216	-32768	255	-213	-949	-7240	-4728	16024	-725	-1759	-1030	-18872	10048	32632	229	2966	-1456	-29760	-3408	17912	589	4076	-466	-7216	-8232	12424	2485	-1455	-913	120	86	2
-32768	32767	-28968	-877	1589	-1028	-25824	22232	-32768	-1275	951	562	15472	-2376	8208	-1479	4028	-244	-21688	9048	32767	2035	2184	-2109	-28264	168	15816	2200	4001	-676	-13608	-5016	10592	2887	-1048	-495	83	162	2
-32768	14612	-5064	-586	1616	826	-25040	12528	-29056	-1870	2267	1749	1488	21448	-32160	-1948	5842	1306	-24000	20336	32767	2267	803	-2968	-30744	3408	9552	2230	3820	-740	-16008	-4232	13808	1826	-1626	-415	141	129	2
-32768	-32768	32767	9788	374	8766	32767	-32768	-32768	-1927	1511	2096	-32768	-23544	32767	132	-3304	899	-26840	27432	32767	1128	-812	-2529	-29008	-384	-248	1644	3211	-535	-32768	18648	880	2220	-1218	-724	0	175	2
32767	32767	32767	5400	3322	4770	-32768	32767	32767	10446	13577	2652	-32768	-16856	-32768	3695	2651	-416	-17648	32112	32767	-570	-2047	-836	-32768	2552	-4232	968	1492	-3	-32768	16296	-10528	-335	-636	-480	200	209	2
-4040	32767	28644	-583	1304	110	29440	-7976	-32768	-4375	7743	2881	-5768	32767	-28456	970	2312	-1456	-9432	28312	31024	-2697	-3623	639	-25424	7504	-3864	-592	-1445	115	-32768	20272	-15736	-2409	-2731	196	1	111	2
-9856	-5952	9748	328	689	739	-11344	4656	6640	-3523	3891	-405	32632	32352	-32768	-5560	1156	3051	-11816	12848	21920	-2560	-5386	1673	-7696	6952	-13888	-2218	-2205	-347	-32768	11056	-24768	-3434	-4769	-4	143	67	2
-14624	-14648	13184	-605	1312	65	-28760	-32768	-32472	-3663	346	620	-32768	-32768	-32768	-8000	4642	6573	-11648	6568	11208	-772	-6857	2348	-14800	-1120	-16112	-2206	-4434	-107	-32768	8576	-32768	-1438	-4051	-399	99	133	2
-9360	500	20036	-529	1502	625	-28304	-18352	-11712	-1973	1154	1009	-32768	-9768	-31768	2489	2472	964	-18760	11384	6192	349	-7686	2757	-7544	-504	-13768	-483	-5633	370	-31632	5256	-31976	108	-5086	-605	103	204	2
-10060	-17424	20480	-645	2485	1471	-32768	-25624	-9040	-1212	-619	1414	-32768	-11408	-13760	-1488	3947	2466	-22064	14096	6392	582	-7686	3525	-9624	4104	-14944	89	-6705	352	-17752	21376	-32768	-1250	-4651	-644	149	0	2
-10256	-15360	28184	-84	4759	2087	-32768	-32768	6456	-727	-1190	2869	-32768	-25704	-3888	-777	4501	2537	-23816	14576	6288	516	-7404	4147	-12480	2328	-14752	49	-7314	736	-5568	11760	-32752	-4171	-4353	-971	155	40	2
-7508	-13284	29812	-330	6275	3365	-32768	-32768	26128	-1154	1	2830	-32768	-1904	19160	1333	4531	2420	-24920	13696	7880	405	-6760	4553	-12784	2752	-16752	-367	-7675	1229	5960	-7064	-23992	-3748	-2847	-317	136	73	2
