51.978211493344716
51.66330035328825
51.34838921323175
50.62195540831127
49.821230214514
48.83882410635136
47.7801939191156
46.58300845890549
45.259945292585414
43.850344870887504
42.31323404979446
40.733602076273584
39.04626792418955
37.40319280679043
36.094068473877925
34.85873218233741
33.847477440047534
32.91239305155138
32.193237752471035
31.606574460624138
31.235971316888556
31.08374633143063
31.128669387235266
31.388119234123874
31.755124805405735
32.24826310855354
32.8297884865356
33.51756434366486
34.27628546420819
34.98806400446667
35.585652291307085
35.92292767821722
36.00094630783529
35.78908728112617
35.35845560716936
34.73067600444535
33.990556245783495
33.20265541797891
32.401598048651785
31.589282018405072
30.669102458418667
29.60323435940158
28.313014042496423
26.784358535681008
24.988983438092593
22.93857800269946
20.651123672520168
18.128780447262347
15.44183394128999
12.653030726910409
9.856689978742757
7.117094307391158
4.43193713236118
1.843790836679067
-0.6816450833057199
-3.1968882385327917
-5.753816284676525
-8.399152985266214
-11.13515105561438
-13.891926394994933
-16.58828720256906
-19.080584198453053
-21.176920233801187
-22.944051289696755
-24.186624138223113
-25.04512188337768
-25.43597924822356
-25.364338084789303
-24.890336862666512
-23.970375504308603
-22.68362823092987
-20.99492306283752
-18.98399273657018
-16.592097353891365
-13.945498581878004
-10.952446172720318
-7.757318623440044
-4.306482604082934
-0.6960287902615631
3.0915312800270627
6.9778997791665205
10.84245873154449
14.614898596898886
18.290373856881512
21.744989632615795
25.10206293670442
28.157851388539036
31.136490864624818
33.80422649470973
36.40908538843178
38.7956029606642
41.11831619484918
43.317095929938915
45.45198343764442
47.233976331780774
48.619135823106866
49.80911969692072
50.59747758475845
51.29882066375998
51.54643980233398
51.79405894090793
