166.62121886555596
166.14983323075444
165.65953094449654
164.35188214774163
163.00248769337534
160.91868756118268
158.76755791150208
155.91568844969845
152.9805931287226
149.44688352545228
145.82005551377318
141.70263323474316
137.49206251306413
132.89686237394332
128.21361190954158
123.22200015698076
118.1293903827113
112.70020688845699
107.14260298020018
101.23649411245988
95.18147278035049
88.76109992221915
82.18144113913132
75.27813674407166
68.21761332258255
61.001748270468205
53.860000811165605
46.971425598795506
40.32819730753859
34.08114292741736
28.014655418927294
22.129740739346474
16.223091271917188
10.228873259166521
4.163565579763016
-2.009942809160903
-8.232927386768928
-14.43551469100703
-20.5844238077489
-26.707865933237617
-32.845848791355806
-38.99069153627019
-45.11317477513112
-51.18061053215457
-57.10971180675552
-62.85267224061542
-68.32719891829552
-73.47459729667459
-78.23561264730417
-82.58877008189843
-86.46551937409099
-89.83601510771463
-92.65585978194676
-94.94625937684944
-96.60616667498354
-97.56168528979794
-97.74193761388382
-97.05472022123708
-95.56369442329004
-93.17299609779916
-90.04170861312946
-86.10372082526644
-81.60962331101717
-76.53534551598295
-71.14299300812256
-65.40407733769307
-59.44195430296826
-53.167274262314265
-46.63974065634285
-39.73522566889981
-32.541427453262635
-24.931969105940254
-17.06501411008996
-8.859138570609206
-0.46570322594322816
8.186158741109022
16.976120959685083
25.96388782106442
35.04165494242488
44.23612439774361
53.461682258364704
62.671638952640016
71.84935349404779
80.88115419606466
89.82838520232679
98.44652279704505
106.93404366232754
115.00351268718514
122.89755271464749
129.86658525817495
136.61907476467266
142.2774417473347
147.74262188779164
152.03243471611722
156.16673898389212
159.19852764488652
162.1303192179669
163.95264353630006
165.7132012177553
166.33040864668865
166.92265765671976
