142.52258528254868
142.01935780121337
141.44026140559697
139.93467014367607
138.32990271802117
136.09063553226272
133.6704458504934
130.65077794769772
127.40696615716091
123.61317111878377
119.54554661663336
114.94742697643055
110.05832781851025
104.72240667252932
99.12102942235781
93.15868171672882
86.97209558712117
80.49401551646093
73.83060377281649
66.9224428967117
59.85236184377
52.5734866578534
45.18875765104841
37.653041951741436
30.02170208582335
22.37272526444466
14.819341051642358
7.433340207395044
0.18028446940195106
-6.921219046850089
-13.916658298632136
-20.78633591252786
-27.574581664690417
-34.29448691237135
-40.996070333434936
-47.66400391117895
-54.33033151770579
-60.99609313858155
-67.61635646514142
-74.1633721144386
-80.64733352629982
-87.08840007453213
-93.47906539745445
-99.81666573815929
-106.0433989317742
-112.10618498150632
-117.90977920893887
-123.40185049538053
-128.4667626359773
-133.1073232590886
-137.22977256388788
-140.83214746590392
-143.79349663188154
-146.1238377640399
-147.6980371662568
-148.5736272885882
-148.65407304392735
-147.97063798157114
-146.47809548431349
-144.1891320497383
-141.11621123484704
-137.27923072359425
-132.7929769189189
-127.66457676430743
-122.00620545263169
-115.82914195078932
-109.24033837896548
-102.18549818806265
-94.77457627682655
-86.9286717540364
-78.73117768268922
-70.13108299522911
-61.23028074237847
-52.01112750820268
-42.557099031705555
-32.86631478233588
-23.000143363323815
-12.983450914369735
-2.865668169711034
7.315358386732127
17.51871804578227
27.708232211675124
37.87334928674533
47.93400209806303
57.82764825094834
67.33867588638624
76.56441163119004
85.32358163916214
93.68826441023569
101.31533047251295
108.44327429672362
114.70666041864388
120.47840086380526
125.28822559180404
129.681362033445
133.01061945146301
136.0211967055304
137.93554766771436
139.65099198961204
140.38347028414972
141.0354331401793
