58.60380216919683
58.27733361210215
57.8014635091735
56.97777479859261
55.928281835253976
54.71999018465435
53.30284158348732
51.80302610005045
50.049799703003416
48.1450551782389
46.042374705608424
43.70278022199675
41.22018843691007
38.48592095437923
35.63872912486692
32.60840232378348
29.441808591524115
26.172022792579185
22.769484732901617
19.272577879787786
15.661872963882937
11.982860385517965
8.263263953111657
4.612848690130155
1.052941409139385
-2.397733360423015
-5.674591436194104
-8.674424027049193
-11.405249936969758
-13.869725137834655
-16.05112961451547
-17.99045798381008
-19.643097156175177
-21.074351094246353
-22.31544780074626
-23.36992390672333
-24.23931162882422
-24.9024443704901
-25.39334132369416
-25.696644052807816
-25.87767075569868
-25.965765534759164
-25.977060652374398
-25.946812602577154
-25.89162168562528
-25.81514625302386
-25.7273143301971
-25.624552588028934
-25.49622843989844
-25.3182899517212
-25.09151656146813
-24.804552017542825
-24.492014667413326
-24.144533770076208
-23.749975836577715
-23.335362645456375
-22.89962469281774
-22.392835620448608
-21.793161674237897
-21.1112980739929
-20.346516486134174
-19.511558225317025
-18.615551947916092
-17.65796814434788
-16.655658774329392
-15.617664660731092
-14.516668099119164
-13.306319758622411
-11.980290977626344
-10.56209978133864
-9.08282328842151
-7.5717901926456435
-5.998218440410043
-4.396105153261678
-2.729650041541554
-0.9564494124543306
0.9360739430293048
3.017131754564595
5.24549165156519
7.651146670999287
10.198059220663442
12.859854830947196
15.661672763067212
18.553392785657785
21.60671840676201
24.7681185690742
28.048774241933955
31.408465511625575
34.77057870783615
38.003668252710916
41.14168958479018
44.09582330437765
46.86359921414054
49.47504821913407
51.62568526471989
53.59571150582379
55.058731960266655
56.26234413259721
57.13117686048793
57.58525378104696
57.857886706200105
