-145.6451521725718
-140.262567415041
-135.58969164066954
-130.49535288113677
-125.47423565425234
-120.47366695377521
-117.58211866775773
-115.97408666585656
-113.62759528930373
-110.83574403508285
-107.74776347369038
-105.65194349902191
-104.29401416513147
-103.49922626561468
-103.14574359689772
-103.14609448408464
-103.43222794634347
-103.95566310765483
-104.6615276961949
-103.39487478064535
-102.91569735914042
-102.4009766593669
-101.9413301992394
-102.2058335838117
-103.17223175654485
-104.07063469407291
-104.91847544594083
-106.44421841110791
-108.58557722228643
-111.3033477085091
-113.81949365292621
-116.03506433210013
-117.84313460900522
-119.29760438474898
-119.73248583865366
-119.21173584013987
-117.69052562298356
-115.21676860027229
-111.83804737305285
-107.60359696477546
-103.272823483096
-98.92187139020835
-93.8632109308993
-88.16439744455374
-81.86784026780404
-75.01737802881252
-67.68981111829792
-59.947945870878165
-51.87437198918238
-43.508895025073514
-34.95349748567078
-26.93096238690617
-19.329255291018615
-12.713758601419299
-6.990073333845684
-2.2616021128710764
1.5211242576954513
4.350108470230256
6.239128905541925
7.438247936525036
8.287261513506103
8.857174493789644
9.259635815113441
9.485079982375872
9.612156864662772
9.687113900841558
9.744717207946831
9.079333639247091
8.48896461039249
7.938991856478491
8.01030764047098
8.629444631020244
8.940042774333188
8.939331487034998
8.710427362139617
8.248262121719307
7.604272457146146
6.818423992107396
5.696604108783278
3.957787422710011
1.615996036182558
-1.4289754266573507
-4.339717655794729
-7.877398891807791
-11.982619686345878
-16.66625378436848
-21.14591625939654
-26.14107523755994
-31.60542274594927
-37.509821296564574
-43.812619485362426
-49.6815030649385
-55.041774067167985
-59.83222867614728
-63.47103539761082
-66.0177531253594
-67.45617252619816
-67.81125337418966
-67.12977293763085
-65.50262188021497
-62.95293702664849
-60.30035997538082
-56.849717288718416
-52.683192961657745
-47.82338298349974
-42.32696677562891
-36.291156489293144
-29.78233376911748
-22.862012088402967
-15.610593469455472
-8.122165742075822
-0.4014415217406007
6.805513266507994
12.991579022485896
18.251195658756632
22.570671449295236
25.964540209096914
28.49464818607986
30.135658126082753
31.547050150143622
32.17853165854732
32.01087084283644
31.06398008851894
29.92254696750666
28.65097013197253
27.355616849410623
26.06669293159582
24.83273215293534
23.693784855287074
22.65496817167058
21.59318956536997
20.404312284629974
19.023748939892414
17.431591954475987
15.64593990300723
13.685097614001812
11.52948561488696
9.259174602675387
6.26419639050539
3.143711392511313
-0.007859546442000726
-3.207983946716245
-6.219605768172551
-9.783210504621936
-13.889478478003879
-18.54322677380456
-23.721085269649844
-29.378302359665415
-35.47677992044702
-41.974179382311455
-48.049938842152926
-53.71059057525992
-58.805795591434496
-63.41719823366427
-66.90262540720646
-69.27366859564403
-70.52090383485661
-70.67913403046023
-69.80133602212996
-67.98511445619916
-65.25824230844817
-62.44841268261402
-58.86576119182206
-54.62245316043359
-49.758161792589874
-44.32460644724705
-38.40993383924509
-32.083917056213906
-25.411167517037704
-18.454893214901585
-11.128127994317008
-4.268287122566899
2.2842574250986076
7.945011128682626
12.677803552652218
16.449376011155003
19.337352820766665
21.29205851347419
23.06145204247082
24.13451228653432
25.047656122740882
25.717607231498743
26.173707345059867
26.506647837999022
26.77688611838212
26.278393508409778
25.82912069719615
25.451186947864326
25.142386969740826
24.778690700080784
25.008293383069738
24.972949574125
24.629250954156248
24.035330474324663
23.232351639975697
22.194927870529842
21.03048662944924
19.05196121092509
16.840026877435502
13.930851449724008
10.41726482010346
7.064540758652998
3.82466664652436
-0.014787427983616092
-3.686188528108991
-7.955069714505857
-12.753860289997876
-18.031663226377304
-23.746605207839146
-29.883680717099093
-35.61742776781034
-40.87171353056466
-45.575466186542734
-49.84172694628674
-52.998938925338564
-55.024107176012315
-55.96256752303543
-55.859258413193835
-54.78279098323347
-52.7695496180718
-50.618686486029524
-48.35572109438407
-45.31937161273638
-41.55377509624285
-37.10405912561384
-32.06251470072339
-26.50713743498118
-20.50981604146895
-14.129805851255286
-7.454820876649023
-0.492470794468234
6.014822919346393
12.283799068151291
17.625508994251554
21.99950922995629
25.47062990146851
28.035788266896276
30.355304093909535
31.68305919896239
32.28177117473418
32.03802385847145
31.516474135734537
30.89325932698001
30.145004069622193
29.336039028135
28.50594029153825
26.95421523316765
25.506597320592185
24.15908161339935
22.799373957288907
22.070987282857967
21.089390286130552
19.87848112960866
18.45631989475885
16.80166199952422
15.691871512779459
13.757789105918068
11.839627359604098
9.720352509300582
8.306069497632075
7.096259546763338
5.203820473609457
2.71802809457289
-0.35903669632298757
-4.022582519612793
-7.493890868063427
-11.505716063106087
-16.00612117342474
-20.967340476143697
-26.308665938458066
-31.155290944741836
-35.47785435746272
-39.36497689057108
-42.135880987106646
-44.49929502595927
-45.734115326257516
-45.90865162650653
-45.05888507035723
-43.99664242934916
-42.788581430814766
-40.754071171556525
-37.95453229027069
-34.451403958679855
-30.29213887335828
-25.55126420513579
-20.320046092760194
-14.682050744815154
-8.668906945784062
-2.308974561715231
3.661051821579784
9.284522627999854
14.73073586580044
19.263602326766954
22.87922425574784
25.62583560314893
27.502292953174987
29.1863833482648
29.945136736240215
29.91138308456347
29.10459168845983
28.048530811012473
26.883871050096953
25.652399562011528
24.422978786522446
22.49645411786644
19.93851394096927
17.545331816055462
15.245207168607289
13.638757637289629
12.625812770417626
11.343832967967124
9.876152271056526
8.208699663518468
6.334481754245471
4.286500638707369
1.4298476237109892
-1.4453613651198116
-4.421337337894454
-7.415443695091245
-10.192406560284033
-12.847244334214768
-16.08598834919715
-19.90076882821555
-23.554419709584128
-27.041390626938508
-31.100419031810763
-35.67137815425847
-40.722990939250344
-46.21116207888807
-51.28027067546692
-55.844487087459036
-59.91669022044056
-62.83786319685978
-64.69424849527098
-65.44335932029216
-65.1250100470888
-63.785498942353115
-61.500211512477506
-59.05195751580404
-56.497778570552605
-53.16749828960415
-49.1247562520492
-44.39686653722681
-39.04773386558671
-33.16076688846964
-26.826726481133512
-20.116316548326292
-13.092626200760877
-5.813706079028552
1.0006469349025524
7.479352944834386
13.02937328028467
17.66341391930477
21.361777556961574
24.179689453201558
26.122103917257867
27.817143066975927
29.272595851223443
29.884842873676437
29.73476455702794
29.318235683584387
28.780691766606584
28.162981917712536
27.511858572773168
26.882722796183387
25.567682785819155
24.370907086487627
23.24046913412323
22.76129537048606
22.791347004711664
22.489530175215027
21.950875759824108
21.168484031114104
20.141458512795882
18.89245670838042
16.845635034813487
14.098372904248677
11.28601131002626
9.122806592350463
7.178365829551176
4.6098364329928145
1.4478346454624438
-2.2993787381806867
-6.620674451739241
-10.712795832923899
-15.318338465769278
-20.37740910892776
-25.84193447003792
-31.62645700104908
-36.945438936575954
-41.76882702713329
-45.41958939958469
-47.93465294664978
-49.309526105252885
-49.591592059922945
-48.862076875077484
-47.15250761964305
-45.28690086919524
-43.34615027700944
-40.6207311786547
-37.16875233060551
-33.0470182606147
-28.321002435824916
-23.06031085277306
-17.341216260964103
-11.238860754973544
-4.786405188312902
2.030767010384056
8.551138258835659
14.78951004653178
20.088982210021612
24.454810112801308
27.89309536886394
30.416396956182545
32.038929748758115
32.68653563175753
32.5101901322387
31.562648528961283
30.406965914456368
29.163517774905383
27.839991891281187
26.493163384571734
25.163366839043352
23.89570810699699
22.716342308620746
21.60252226280254
20.44473613872328
19.11993007244691
17.58970409381355
15.837895126060364
13.897067427501602
11.763006026897266
9.459053884365114
7.00722633788984
4.542360246125088
2.0126754946469965
-0.6000148118682853
-3.0432075852892893
-6.126326350554405
-9.75290156004909
-13.918319214162077
-18.623333176482504
-23.841819048457573
-29.539129923290822
-35.65469505858113
-42.13979745213955
-48.15144627028754
-53.59753760377314
-58.48920406055371
-62.211412520825924
-64.82448286765909
-66.293502467158
-66.66575605392181
-65.9825056851591
-64.32959694591449
-61.74838852354236
-59.073865929051706
-55.616050040902024
-51.47239329003734
-46.698423907398066
-41.33833289881476
-35.465933345191026
-29.14936167032203
-22.46300052365731
-15.456757491882714
-8.132157882896488
-1.2375890114999732
5.313872263544572
10.93079841628902
15.6338494122757
19.39269298020968
22.27929475534769
24.258695383123467
26.0128262924065
26.988329936287965
27.037052993495404
26.84640500189902
26.471598165253653
26.005946219930497
25.504002959019893
24.978850194141923
24.47095981606717
24.011678173287777
23.61006302401636
23.169497325517042
22.554016539499646
21.691787221124713
20.569948250762906
19.242510516954002
17.715236776366762
15.971543168757501
14.084660527943777
11.428878876183788
8.640724462147366
5.92228503135496
3.360524623255832
0.9646272385774552
-2.049855790495604
-5.6876038241339995
-9.89646564564778
-14.646889291199022
-19.89577074578972
-25.589138589649135
-31.677580126023233
-37.370213989732385
-42.59775002500758
-47.29616168914968
-51.543746818884514
-54.68219672700474
-56.69076583058264
-57.606927014724626
-57.467289465682995
-56.333569659435994
-54.26349517680417
-52.05816082552773
-49.78168482663138
-46.72777767364909
-42.943330465308016
-38.50314117680274
-33.479220773791035
-27.953483756963717
-22.015777368588907
-15.725944753341352
-9.084126167804689
-2.0810094451877976
4.53780444774712
10.921950796148478
16.347822930890697
20.81529523531045
24.376868160696155
27.02120911779591
29.397303852809596
31.52473370922984
32.72026576693493
33.100097578135
33.191907952757084
33.15890592504203
33.00664653802149
32.79435289933
32.57697704492805
32.3950519912137
32.25820336007106
32.11811649173349
31.85642774546867
31.377012981529184
30.611671798723773
29.6387420879653
28.44200258223243
27.01014411237368
25.392729076397405
22.983274703300406
19.840179495625716
16.710220574941022
14.268796749241083
12.040211086787599
9.180482880352796
5.7693918546266225
1.7852973813818844
-2.748975077983594
-7.798844712984224
-13.301438323421877
-19.205401215331957
-25.46065883680538
-31.21406902447324
-36.41563671831542
-41.12323525733397
-44.689381062934636
-47.11979505213985
-48.42710612903212
-48.65544529137623
-47.86016793637271
-46.09851518245582
-44.180004839677714
-42.16444813257816
-39.364339332216616
-35.855173867585215
-31.66939676635552
-26.87761491273464
-21.56129038842801
-15.814722863280481
-9.716174623527523
-3.3047308486404026
3.408990306037792
9.750526298908657
15.847725361714652
21.012685426081852
25.264637519004527
28.601734555131735
31.060021742560355
32.58252413708155
33.79995818676944
34.14501000320663
33.76538399167359
32.50172859648393
31.063401891111038
29.570440740442816
28.056039435461997
26.569198502527293
25.156265406230087
23.84573801315224
22.625655673539935
21.38576371787329
20.71880911372025
19.774833924419383
18.59968293939741
17.19077145207026
15.564508051911757
13.723489761776044
11.771820382899348
9.155615379081304
6.516150314493873
4.480575096668471
3.259163942999722
1.467734609282864
-0.9472648855383708
-3.9634574651033647
-7.5506197569008275
-11.686267562758932
-16.33152616402809
-21.44090236136829
-26.95853664570663
-32.8087758367243
-38.12043767668787
-42.872156641640174
-46.44506446437754
-48.93670719460258
-50.29855598681754
-50.568338500856875
-49.80726054518671
-48.07333920128288
-46.15378143662826
-44.116617898752466
-41.28108511610744
-37.7102018730786
-33.45434105238942
-28.596598205724707
-23.19124734114671
-17.315191475190307
-11.050065280359446
-4.444964985205161
2.479391537524505
8.961639754330394
15.099883331332618
20.3077963795482
24.61408430502617
28.037813438903115
30.56706605476017
32.28309579932449
33.158535940505836
33.77903988662617
34.29227883449306
34.14125553671267
33.13970434924324
31.940453164060056
30.67447829978798
29.388613346169773
28.13671942180119
26.960542267145893
25.126048150732373
22.599789953027862
20.038642797972614
18.061794780089322
16.60624021894149
14.968398673712999
13.103887466931019
11.068269959148063
8.826992501562472
6.453897903486667
3.4144917906073746
-0.3703500966266736
-4.293130951779744
-8.118085199508391
-11.718191919799363
-15.133168770223358
-19.107202818933793
-23.625672833924128
-28.669341163013286
-33.46054380603673
-37.97190634333854
-42.175973074112825
-46.80484644212714
-51.77350016691959
-56.20986986240662
-60.15960669011448
-62.99583433874019
-64.73451167739813
-65.3739201807211
-64.95215973348722
-63.52193096713497
-61.150342094645886
-57.908463114536936
-54.58445184064023
-51.24615141093393
-47.20478075946564
-42.529228499523974
-37.28003113785821
-31.53182771798979
-25.374516514968988
-18.88448965256032
-12.058036781107157
-4.876990864681201
1.9044265597445353
8.412996393939146
13.995937983573574
18.64346290023704
22.35241969404574
25.15919134283178
27.000149811128747
28.59791772597777
29.425732988704016
30.104624188731062
30.465035955800044
30.70443755589133
30.833034807969277
30.893341635317658
30.934584042389957
31.00012027717918
31.118612397838614
31.236664049974735
31.246880598096446
31.038473440312426
30.53530191966927
29.771400206393405
28.782188099475704
27.58333950788435
26.18119315888959
24.681174420658348
22.42946260379817
20.022225864808075
16.90647951976512
14.029623280432492
11.23593989895385
7.849641594168313
3.8896454240945473
-0.6320873816351645
-5.674591175736707
-11.19468436826381
-17.13967563752465
-23.469333120272694
-29.35666338806702
-34.71256377737472
-39.580880625180804
-43.27948406438866
-45.897961353404774
-47.40532734136384
-47.84657623178523
-47.26723832159234
-45.718286466362414
-43.271804339854484
-40.725325552666824
-38.11192025410664
-34.72984255809629
-30.633584563258758
-25.884715721068748
-20.564502958126518
-14.755472109114425
-8.541984671256106
-1.9803119228570119
4.894981995846356
12.054275383664933
18.86794048724448
24.714912175277505
29.621206370527442
33.59455602873789
36.67516875891611
38.87603043882964
40.82521416858353
42.487166728743034
43.40781569709043
43.49199511553782
43.31461945618832
43.045101653384044
42.636795719021436
42.17718567141816
41.69618715053265
40.4937934727526
39.38109202400943
38.30384491638715
37.153916576064695
35.81468897995458
34.23308686442268
32.48011042007323
30.53832148077516
28.413260410483705
26.128510425993518
23.102536676970665
19.429492352341846
15.617594555388905
11.819735508585516
7.488875146106041
3.2938386978918515
-1.3711678486587495
-6.564495460068774
-12.2634452700833
-17.67015460247223
-23.520542022907932
-29.760061415716624
-36.34559384989589
-42.42976508792161
-47.940981141779424
-52.91833472059784
-56.756886688788335
-59.4740900787539
-61.055412770594664
-61.55160170841848
-61.005840899229845
-59.47187130489073
-57.03446952892353
-53.74635355207594
-50.432667743021064
-46.43304728323095
-41.7773463179658
-36.52498168610443
-30.767117748867584
-24.588133747485386
-18.074194409929987
-11.263990721261097
-4.177574535051893
2.4856404049038936
8.77799292289275
14.182242032799117
18.666852643281338
22.21540273287982
24.89553426522537
26.68286863074195
28.213244130015266
29.04242817575442
29.010959265360146
28.68808657330649
28.203304021275137
27.595837729055486
26.958524153230496
26.31834222767088
24.954298698060445
23.693679540752353
21.78030946683715
19.915980565988455
18.688785584666785
17.30314315860443
15.673922889872017
13.860655160627056
11.880581889426077
9.713701099606126
7.426759304479466
4.440175066078198
1.256327625414564
-1.930894817160487
-5.640062871782164
-9.96359739695214
-14.117615718326153
-18.851944399403056
-24.097296340242583
-29.11826838420373
-34.65472611973009
-39.890210549301514
-45.56861000119981
-51.679997521597706
-57.409442527464485
-62.66994199092383
-67.38613290121184
-71.65230855106023
-74.79953705174765
-76.8422713812105
-77.78189479784174
-77.65555623756954
-76.49160513856317
-74.3648433010646
-71.3325536626786
-68.21591491685457
-64.33588919463041
-59.78317044521848
-54.58109045444278
-48.81552250087086
-42.57537672826358
-35.93918930196873
-28.954417823770672
-21.683382754763247
-14.126477109515498
-7.029250517527952
-0.22420017301359887
5.6411833822511825
10.578059749904872
14.581879839897192
17.68543760227475
19.837161793925144
21.734758101258176
22.847158715421923
23.082505378604942
23.020930175989317
22.83854699996603
22.534820309319638
22.16885421623435
21.78358181073266
21.4279840960016
21.148776301495097
20.92399990531308
20.622910116338943
20.890850659592985
20.871818462735312
20.57122464043929
20.010237821499537
19.21231752854182
18.19521880872072
17.052645135628406
15.149726125255636
13.06933407459224
10.96911330948674
8.326512609297893
4.992392285594305
1.0665123450587792
-3.4064678254415153
-8.414455808089057
-13.947354670226206
-19.95966481103171
-26.387720341872893
-33.17709133781901
-40.29664310790108
-46.886226696037625
-52.922672259077764
-58.43562083884427
-62.79032948378297
-66.03251506709785
-68.14291972591252
-69.16764360033194
-69.1224764474193
-68.07755969712849
-66.1212284403485
-63.29397391507036
-59.6790475266969
-55.36789571503844
-50.4184526941318
-44.885648790471
-38.85832704528296
-32.43653890273989
-25.712279632740728
-18.69996194917961
-11.429771641658153
-4.539071946467795
2.0884282741943756
7.7957672552215085
12.608355968359069
16.496874016188134
19.497867472416534
21.609285633569666
23.398302662157537
24.362777816579115
24.519721070074056
24.384916760685638
24.055220752091085
23.61899555753193
23.13975447996343
22.652794049814307
22.208738123772946
21.85367948121873
21.56033295894625
21.2400453868574
20.717686798492974
19.904698628945233
18.82809249738685
17.51965106411074
15.992544650938267
14.257230806998495
12.332642588063667
9.70458654665433
6.949628324276226
4.134256861699266
0.7579890972649082
-2.4379588097607496
-6.199809952068462
-10.510154694080384
-15.366993390646904
-20.731067781394305
-26.559938113631983
-32.81683258497514
-39.46320629580242
-45.68236889309255
-51.39305823549738
-56.53857782596193
-61.1910813545137
-64.70918116231523
-67.09735283248874
-68.34908716252878
-68.50903502492655
-67.62411890188751
-65.78006272837138
-63.01509671210544
-60.15859119398122
-56.56052063067535
-52.28752703861378
-47.35227251072969
-41.85660460159361
-35.87846119877858
-29.48870650150418
-22.74769684885486
-15.722714929230605
-8.402518537790385
-1.5110967612506219
5.118507320710589
10.85639611957946
15.630284773529928
19.47256018366072
22.39727567703829
24.36431689260074
26.11606701895316
27.113739072392526
27.93129538684917
28.457333869641065
28.849651476031916
29.086560546546103
29.23998469043585
29.36393504009159
29.50507404160748
29.694679125477872
29.920925797606515
30.0464310859504
30.70847337454218
31.03115466493715
31.029385696487065
30.791025922327837
30.30384910475322
29.599877807371005
28.762892043859882
27.11203366329366
25.24948910420199
22.637886939371604
19.461688335438993
16.36937875218316
12.660480747834105
8.398521410516034
3.5857019770404643
-1.7815184127008097
-7.654102865081539
-13.959886057956947
-20.662057891272894
-27.73007524694835
-34.295711297836725
-40.25382349242641
-45.731719519010426
-50.02043512051268
-53.16193320298466
-55.152326547944995
-56.037411149364836
-55.855374497573145
-54.66385993270541
-52.53450477723986
-50.28116664415749
-47.205071007155524
-43.411807334529975
-38.964586874302285
-33.916664299727834
-28.325493271837285
-22.33299215654682
-15.975057578570116
-9.255112682139197
-2.1520538653088
4.541990665467673
11.052018606000217
16.5993306164389
21.220466789794074
24.93907163847709
27.71591144446354
29.48751077620431
30.468658394774007
31.20546318825155
31.69949760191869
31.936199392389415
31.9883262486478
31.923981867030953
31.806871939561812
31.653891335302696
30.79818976480837
29.272973383451717
27.067329286321236
24.073406788747892
20.966459046063278
17.64406619104467
14.16947035942938
10.554834307716385
6.758416504752144
2.864726957186049
-1.0351663932076032
-5.0747436494378455
-9.74803093189689
-14.235665987526597
-18.45911990515492
-23.191082631559457
-28.406580862481814
-34.09168732492906
-40.23202551758343
-46.04304557811949
-51.49387293615816
-56.560995806301
-61.19311145165447
-65.27999204745701
-68.9502459527785
-71.50437038448472
-72.9797083194035
-73.35979849078247
-72.68513367654838
-70.98706853060833
-68.35403162758386
-64.84304753790552
-61.27742016130156
-57.71161488569652
-53.44047893537624
-48.55949994239902
-43.14499824041804
-37.257634474126334
-30.96311774647907
-24.340660249633473
-17.37136795720118
-10.072006949242086
-3.2099136686542917
3.4512705181772256
9.183212212233833
13.99461068588333
17.871164407484716
20.85487863791282
22.930571598966143
24.114339086986373
24.562948621354863
24.70382358731904
24.620819874421883
23.693691138489758
22.724325435302593
21.74103447673866
20.788641887772865
19.893232228479455
19.080808321434006
18.27545562829665
16.659437352033056
14.891064458035823
12.871702315340107
10.638265614355099
8.221274458407152
5.634996420280623
2.8751112503935956
0.7454444147844221
-0.7556172807672735
-2.5176008358450175
-4.90978638417433
-7.935761429785143
-10.128926544350886
-12.931699471501128
-16.331694204191155
-20.30129531813743
-24.7699060821505
-29.69764052139418
-35.05328696146218
-40.025056909972534
-44.52129994880416
-48.5079047767068
-51.34663448401051
-53.10150265928595
-53.761676204659025
-53.38163395503197
-52.749907219157386
-51.86518683297367
-49.99200816532277
-47.19151674780414
-43.54576270947636
-39.89334256360988
-35.58404737536134
-30.654188565529115
-25.163804303338704
-19.21596264236923
-12.896782211982044
-6.2414221491574216
0.7116120576998889
7.959109457502225
14.826184155133967
20.743468897187718
25.7232861982793
29.760964778336643
32.92105276828471
35.22757023925468
36.59725400126664
37.18295542123741
36.955858089251066
36.55822221734511
35.9080687825277
35.21787452164824
34.482698902358024
33.721329294422084
32.9769437893715
31.53860376704829
30.21148592068923
28.960312527101905
27.663861862793617
26.17778153693289
24.44047420076865
22.510014698830638
20.385257591608113
18.063309105119032
15.552662451918115
13.735775947493192
11.765745871865452
9.721529348196869
7.020719256789695
3.773629574554748
0.590778807379646
-3.218965959356876
-7.594550601771971
-12.520974023485062
-17.2009810202297
-22.373460819566443
-28.00266747184226
-34.04930217620341
-39.68876649538785
-44.831500630361525
-49.48063264382095
-52.95849356384453
-55.361664248995446
-56.65097471126011
-57.61742216058182
-57.54144440016159
-56.45978686467085
-54.451156322458985
-51.541639364108406
-48.57476102864107
-44.83287657591245
-40.39247788811692
-35.308633032129684
-29.654310656387093
-23.516665711017726
-16.961319539355625
-10.05142109684617
-2.8092125638278023
4.729213559546352
11.88674059205956
18.04516938207296
23.2739133948325
27.571340385996574
30.962947733136538
33.493399462985096
35.105640108234944
36.44194131616299
36.994121775623256
36.73427178801424
36.21437842025201
35.57382490553586
34.819095733059974
34.02556635565176
33.22496773588457
31.714523403930666
30.29967917420956
28.173877900733345
26.009113134806444
24.454764428737604
22.668785537584494
20.69696343307488
18.524562577570357
16.173750584481756
13.63070360605966
10.991009099380921
7.671985755661616
4.235077524813365
0.7855875403986291
-2.45038156914992
-5.566209117576422
-9.242702154581929
-13.481012755401213
-18.26120440720645
-22.801776411773567
-27.83347173531729
-32.57951005253592
-37.74751968884467
-43.25643138292438
-48.21814166335958
-52.6624220528524
-55.956894629103374
-58.16399613228291
-59.26486273137859
-59.29568110235921
-58.28221906769344
-56.296938041742266
-53.41105128703052
-50.41997303683277
-47.363287761060654
-43.56429837370064
-39.09332314979328
-34.00198527898453
-28.357024403677375
-22.243662144558837
-15.727355525161569
-8.88409358059382
-1.7123194292576538
5.0048499002163025
11.383151102799426
16.822973197980296
21.347428012100476
24.954724104864027
27.70768108829105
29.57763965156563
31.173678395289006
32.44614672484935
32.928967208432574
32.70434257919384
32.24040035071753
31.623227711083867
30.902509593230747
30.128137533792316
29.351915893409863
27.870812666994453
25.732416160133557
23.636728157792746
22.219916991453307
21.35751461746479
20.238992325422554
18.905712220736817
17.363606824264252
15.594106522107435
13.662219511661927
11.018909373459422
7.798064548622736
4.528848353607837
1.1617071381746773
-2.7397326312971977
-7.2011977920168135
-12.186020299773597
-17.666431809013705
-23.647953585380158
-29.363473559613855
-34.78527323453627
-40.6560246342066
-46.917251065865614
-53.53069297674659
-59.631961931435505
-65.12974113851205
-70.12364189379639
-73.96863022306506
-76.70992377645406
-78.32856032627623
-78.8853104759983
-78.43024023471494
-77.02639508955957
-74.72439259256024
-71.58918072369059
-67.69969191399291
-63.13028934218231
-57.931562769276994
-52.158565971901396
-45.910164006780235
-39.2699908096053
-32.295911185535786
-24.994906626978892
-17.36247166448336
-10.152095540408176
-3.2102907299415753
2.7473175612510863
7.7973278567280735
11.926557600372478
15.148140295108623
17.372964007461633
18.669318018787187
19.25076140547059
19.551935244444426
19.602105006028992
18.84113220290214
18.028601422990572
17.16946400737849
16.31666259378237
14.76620925084301
13.319478079817705
11.927658424049369
9.713168852641061
7.33566349241582
4.742632457232614
2.01614403145582
-0.8715161745213219
-3.9247701988538832
-7.121358658814529
-9.577975522102284
-12.079298015136471
-14.785351284188856
-18.073467924999566
-21.921372716939732
-25.71124953258007
-30.091489566691422
-34.98689666821946
-40.38856909664884
-45.52884560611201
-51.13614241207503
-57.14758587234538
-62.77260725773618
-67.96821278630864
-72.6383540902126
-76.828457831796
-79.87135507697857
-81.84074828765577
-82.70300776723876
-83.26438597553657
-82.78279474007984
-81.30199395200844
-78.8953663505096
-75.62538224051546
-71.5517723761557
-66.77047764212152
-61.363235457281746
-55.390093912596036
-48.90807533929335
-42.01651084044451
-34.78562862006199
-27.22573812366155
-19.350563065006813
-11.915371968691481
-4.807630586203098
1.3247246656524936
6.532882685764678
10.765057355899067
14.11203974835008
16.538283539253097
18.63090450317682
20.415566079047977
21.437393233539087
21.592025620660678
21.47826162268667
21.261464463041165
20.986407582062522
20.675055755339176
20.365204700361815
20.083643427102245
19.812059598960012
19.484488698107096
19.718736989742798
19.670991033628432
19.337191254329788
18.75335346634167
17.959950481908535
16.92583046734484
15.72665095507656
13.846445678774483
11.315014877716596
8.64460403768486
5.966728312852704
3.4775001625320012
0.30764060155976164
-3.4838661227659515
-7.843325520841312
-12.74936512129795
-18.159928836317526
-24.028233570947954
-30.30306629503107
-36.95692651360785
-43.150855904554966
-48.779522263001205
-53.907463753026356
-57.86140613845849
-60.73137129074915
-62.47811338193285
-63.16638442826584
-62.82641197854752
-61.511102469042605
-59.26274288733632
-56.88969504688
-53.67737309455259
-49.71945112202143
-45.085929473847926
-39.832083884254224
-34.03522282726817
-27.789443686552744
-21.159537680965155
-14.166976530829265
-6.847231342622452
0.020929765255099136
6.577649060652379
12.170285365384576
16.85946965016011
20.61602105555263
23.52946540612287
25.583210301928535
27.414169408458214
28.41976062757512
28.67760646434888
28.667800670127463
28.443712601794925
28.079633943613953
27.65302118799644
27.170736648477007
26.682407551463264
26.22237815986647
25.794023206408188
25.33270155231483
25.464073305167698
25.322015721967535
24.894046847491442
24.22678393285074
23.32652014988519
22.16372129743753
20.784841821308166
19.349409245312387
17.753801629681874
15.969463977956991
13.54529949175514
11.218426288249537
8.995111478201341
6.142605715962299
2.722163985662753
-1.2565503292991251
-5.761302359704603
-10.755615916104759
-16.199009802916407
-22.063579204325638
-27.504415685031535
-32.438890980710184
-36.81544927761181
-40.751317408520045
-43.58368314172823
-45.26500319477085
-46.590145767963094
-46.82926988498744
-46.0279023194326
-44.234947836019096
-42.2573804969313
-40.17798370611731
-37.329757361146584
-33.780018974458564
-29.579330957098506
-24.803379421897073
-19.529023880172442
-13.818528583259802
-7.687386695093946
-1.145040663666232
5.029956023112168
10.863763030660934
16.486812701581826
21.197968466273185
24.957052780456323
27.81816721610054
29.816309880593508
30.921557811289464
31.219470669885094
30.828379578763307
30.08577298354926
29.160974573089515
27.49503392899831
25.813602615787484
24.133723495035486
22.487623495022902
20.918947762162055
19.41608120627279
17.888664561752893
16.23259123212291
14.363798490732721
12.273342161967092
10.008842769398777
7.587835474065363
5.015007927017236
2.285332193383097
0.22130800246882826
-1.9907763523761528
-3.6621716346123
-5.866891265853373
-8.69401745782011
-11.50612303171834
-14.94708116211983
-18.960358698600476
-23.501500511046697
-28.547197575283036
-34.0400645360871
-39.93015529543337
-45.42012461739835
-50.44408437394905
-54.93430706925719
-58.953497689680546
-61.87515153225548
-63.69061755385615
-64.4224646304097
-64.8580381403675
-64.2432875218705
-63.38667176211213
-61.573202670110526
-58.899824496791645
-55.43619486630263
-51.265273084269836
-46.469360310763086
-41.124528316500516
-35.30520033360393
-29.106130136567106
-22.589808648859144
-15.740667687693668
-8.51324337879043
-1.6404189205160056
4.988490638417794
10.642922452076238
15.361158013060594
19.16140748940007
22.061148120598343
24.689328552947902
27.018634743123183
28.59233425303364
29.969968026445294
30.99053355944171
31.308363950609568
31.52714074553518
31.68088690998357
31.81003296345189
31.96701595190039
31.42441580551683
30.909856832216047
30.276635949655788
29.39289297659505
28.21484391821393
26.843611489016133
25.23897274443109
23.42048124620272
21.410837866150953
19.362628011539115
16.582830628718938
13.596466646832255
9.91169585511253
6.508706771763015
3.057842585818886
-0.9454104269145674
-5.506287821375876
-10.573481030495046
-16.09364669383644
-21.268349405910296
-26.815110086758803
-32.67298188269375
-37.98657156577232
-42.79366086408981
-46.45187230461715
-49.022411169184736
-50.48350031731959
-50.8828488885992
-50.99528230838872
-50.08284292200919
-48.2116680053745
-45.44944634622011
-42.61468180140705
-39.02698499859748
-34.782230682827766
-29.91709667245494
-24.515688167468213
-18.686836940295194
-12.498921522548429
-5.974269989883826
0.9067031116757074
7.400631747507117
13.62269027785019
18.927916716553376
23.357002756871918
26.856833376102355
29.513537677054035
31.286893236226295
32.798704201387956
33.39466626002185
33.22032239101952
32.837247785348566
32.25412897433725
31.579809395320748
30.868455303224113
30.15028852922062
29.47189605103798
28.861681684114398
28.27259357266823
27.617378977106988
26.791226052711583
25.71343959501012
24.395786021502502
22.859742903473347
21.14066328695728
19.2079248017576
17.130559287500507
14.330889357255854
11.53736495530515
8.669356664999889
5.9368502072827996
3.3740630692276783
0.21211110107364056
-3.522643099527998
-7.825728912014914
-12.65672702306962
-17.97409360971677
-23.719769096665015
-29.841529877062797
-35.5209677920138
-40.76780337851457
-45.470322453979335
-48.99901707667369
-51.45141540673776
-52.79501384276042
-53.076568067566676
-52.32859380912989
-50.60164263577812
-47.967024268547846
-45.20270490859861
-42.35232838687306
-38.75185118820542
-34.477714516187106
-29.585259275152612
-24.14193338315549
-18.239883037651147
-11.971624813092385
-5.400776322635508
1.4663085014695165
7.999461755712883
14.160752660898044
19.420010647722524
23.766135737732917
27.15651280942174
29.662694695730245
31.285833403228875
32.08725372753355
32.147906480097944
31.88935010641787
31.456351949775232
30.859362462438874
30.191095219491018
29.480214072607026
28.761313194968317
28.073390364239827
27.454089169701554
26.921426407934035
26.411883128301735
25.771264935347535
24.920716187610633
23.764616798475704
22.403348329049162
20.851533437153336
19.83634912678733
18.60702558661244
17.166881596777657
15.515292222010968
13.25598143495092
11.054662858197396
8.233648170692243
4.820037800813474
0.8655582045389019
-3.6506665918921404
-8.684743411682552
-14.168041524065014
-20.050579449797162
-26.277072857065832
-32.00476240468134
-37.159534998477746
-41.79234082798027
-45.313458129783506
-47.69874415362537
-49.70884084022291
-50.61361571133579
-50.46472842657175
-49.314091696004255
-47.23206139276444
-45.03391375560902
-42.04537931655795
-38.3793332885902
-34.10339636258999
-29.23744126748325
-23.85489635029061
-18.057697694968834
-11.917048510420003
-5.467086316678094
1.3226223073205858
7.739138542088959
13.890024932582548
19.14825526569046
23.486916500010867
26.932495571130623
29.51477537183976
31.868516489154743
33.26940328731831
33.86926465436207
34.311503479859375
34.47566026912902
33.86767458222721
33.189568678599485
32.477061515827266
31.763130976362344
31.081934482329295
30.465803883620424
29.887599569035284
29.23004630749431
28.347472598147167
27.185595874440573
25.799694267290402
24.192468875099877
22.338624510231508
20.25054630862486
17.342835776057445
14.39453962301154
11.316938355151303
7.5285991284960705
3.28024383572512
-0.8269408948232052
-5.43957790219244
-10.562092289048211
-16.16229608171058
-22.1881725315553
-28.585066739315074
-35.29741715874301
-42.26172342269727
-48.611774204885684
-54.39321622379837
-58.99020055037435
-62.43462610766761
-64.70369021142349
-65.84314428331406
-65.90018220969813
-64.95335685866105
-63.04617912558715
-60.245308105582374
-56.681308729247874
-52.4537631887412
-47.6191028806438
-42.216971236222264
-36.31177591046135
-29.979431610978498
-23.312172507353427
-16.35244127154939
-9.091011807882365
-2.2439903211599854
4.3199809459195055
9.978367125641515
14.720171852670463
18.5244337727448
21.436865121838554
24.092779740894695
26.35093314798129
27.749643512351692
28.409976728649614
28.768468770009427
28.936522271185392
28.97900483552587
28.947001385630667
28.88757494883728
28.838131040892737
28.824982058920675
28.84203315842019
28.800688908715443
29.30703242668116
29.486233098488952
29.347877429898404
28.94240763698696
28.274480232423702
28.095979248433338
27.749280832604498
26.66508130458588
25.44800681160211
24.023305969478372
22.786139468897325
20.91454094951437
18.43845849770579
15.390702499378143
11.761344219336026
7.564165226676305
2.8600281434207813
-2.2981304598288035
-7.866769007764473
-13.793786965442647
-19.223739352244774
-24.163213431406472
-28.644481289062863
-31.98794507688803
-34.90745537693799
-37.377555908427645
-38.665186661849475
-38.882220098756136
-38.07478673914572
-37.09071440029282
-35.22138524286043
-32.55271701617921
-29.170612892391958
-25.125349970116076
-20.46645479105019
-15.279616302031023
-9.642843462811541
-3.610327623657108
2.7217259092547743
9.283476180667611
15.414833813782513
21.263461050720576
26.19696044775038
30.2286338006944
33.32994986015405
35.56366467930602
36.84292459825815
37.86667458307445
38.09402002536927
37.44638473171424
36.545508791261966
35.55420114783388
34.48098394676017
33.351772437379566
32.20217162779854
31.079902049054393
30.012759561088963
29.03120514271784
28.094542137543595
27.077275485244584
25.87056172489334
24.442025887691983
22.75977554777812
20.881077119773625
18.778507681787406
16.59884136167745
13.713055987303186
10.692390670550116
8.428123073825331
5.625873462191277
2.208367067327326
-1.7568646656612685
-6.252668822351967
-11.251849501761843
-16.737775759294106
-22.65974012092441
-28.961286542366864
-35.576618589915874
-41.64561953180578
-47.13608856545008
-52.159212672559896
-56.035464078812446
-58.7249497573203
-60.272907174391335
-60.735716473054026
-60.17374425203521
-58.6208616462971
-56.91043147129814
-54.35408477466103
-51.04590087527878
-47.05446757208929
-42.43349500597486
-37.242919252881805
-31.55282983282318
-25.444191236577645
-18.968773681215044
-12.123908322452397
-5.682347461313905
0.3869946047069045
6.24138282242637
11.19863506336423
15.203275274819065
18.337972307686822
20.573328209451937
22.47559652770108
23.48573613892919
23.703702718259393
23.639920361722005
23.371635681447426
22.962999337530157
22.473515073183833
21.93637983275967
21.395945566183133
20.88243003492445
20.40173812047059
19.881147139869054
19.988215722366917
19.869682226299428
19.489470170216396
18.85554106108393
17.98204507972995
16.824937261587902
16.191036078307928
14.803225745764442
13.288835991661411
11.609751184676224
10.051444421584032
7.8752174896565945
5.1352530404323895
1.8347181677398208
-2.0424135692746757
-6.461475329108265
-11.36494175766812
-16.705937251121153
-22.4530373009232
-28.54243848000785
-34.10424302812614
-39.10793615679533
-42.91725415532789
-45.64284635216306
-47.234736099700726
-48.45593271128954
-48.59948921420536
-47.71391564576945
-45.860475637023335
-43.86394377009597
-41.045101875416094
-37.503285521171414
-33.29975640951202
-28.460899740555508
-23.06667793915961
-17.214201087545888
-10.989211732231476
-4.43117505874491
2.445193712493744
9.63744755165271
16.440271508995327
22.266444098890116
27.180235001256705
31.17826801904165
34.28086024519638
36.52697305578483
38.49333962102278
40.19764429263803
41.132447567236
41.270174610769175
41.15934735932529
40.97947719378197
40.68190142472915
40.345601738191526
40.0152294845463
38.97469746570668
37.28013002443141
35.65518231353495
33.979254490926415
32.13344020800246
30.075348343512353
27.871140959994058
25.492775921857366
22.94468659936158
20.233532328056608
16.83302330904067
12.794681040677201
8.695301309387176
4.5969528475205905
0.7570190742627254
-3.709788604690735
-8.678827352685792
-14.169832716166066
-20.171199089711887
-25.88287372103502
-31.28834034723084
-37.12236210574458
-43.353494411584585
-49.160749320310074
-54.45035625991087
-59.22791965246086
-63.59215590563581
-66.86391012307185
-69.00975932094507
-70.06547828544464
-70.08039557556752
-69.10505388908365
-67.1872441298807
-65.16208706206855
-62.32292141242405
-58.7356291585785
-54.45900621994749
-49.54323273661211
-44.06098466704246
-38.10693639568845
-31.753751821859098
-25.050276445007785
-17.9927084674872
-11.384099188128216
-5.157127164485277
0.84425306215804
5.92809432508028
10.086625904036937
13.35163004514715
15.726532184622819
17.804142294188946
19.4140933583322
20.097877681725006
20.153417442966454
19.252852379824258
18.126219178181895
17.024944118781555
15.89298592719414
14.044755520679871
11.533804443163675
8.411352973940609
5.383473185215238
3.10763799763994
0.7238215086827564
-1.8188506522532082
-4.5012246735544865
-7.334314145507934
-10.325798640598332
-13.429147561804513
-17.20456980938734
-20.668798697117058
-24.086242207945094
-27.697431349874968
-31.14484430235318
-35.07249009811056
-39.6403943986255
-44.723354293868674
-49.5717351149347
-54.187734946998546
-58.58427548991052
-63.52493330359107
-68.96100936964358
-74.11320761670179
-78.9520199539532
-83.41963340410621
-87.42696673140478
-90.9209780654836
-94.031316460904
-96.07498794244357
-97.77368626831938
-98.36972842667868
-97.90443747485074
-96.42128972901443
-94.02652557027156
-90.8315771007572
-86.91280995538308
-82.32411408631782
-77.10821355793425
-71.29895628194006
-64.94002191130592
-58.093183068859936
-50.80718501215498
-43.17469412043432
-35.27440308558878
-27.16050222894498
-19.602059393668952
-12.33878595196052
-6.010833292929095
-0.6493734174517518
3.752039210387576
7.136922595878737
10.238556457165936
12.958440891859299
15.428374450898467
17.176426742069065
18.028449188965393
18.6305728798682
19.174536452848393
19.598928488153405
19.972018101523012
19.583508954016292
19.237748116513856
18.922927663590098
18.548715153800373
18.820616049972923
18.83901073824321
18.589459935232576
18.081230291981946
17.335919502017358
17.19696484483065
16.232309506347075
14.615274802829035
12.298646570491302
9.792588991350714
7.28504263128838
4.195842146146119
0.4496368359508658
-3.7650284934215477
-8.505950617392632
-13.021821273597808
-18.073513775910435
-22.87419134679808
-28.128106584873546
-33.77585764648277
-38.98500694041434
-43.775919982184455
-48.14992996196354
-52.08574828306449
-55.67336221056626
-58.218842443385846
-59.71071390731614
-60.182923193977736
-59.648566948241246
-58.1299013759543
-55.71147253471063
-52.528146746559216
-48.69699536023751
-44.20280343834821
-39.0817842038644
-33.356791416252975
-27.85802208657882
-21.87853411538214
-15.505167382798241
-8.828464265534535
-1.8318218562509998
5.501227024380899
12.407849818287662
18.295690785880694
23.268824582111115
27.301218330620515
30.445361130609864
32.70483397480599
34.11107503785507
34.675377963060086
35.12669115128856
35.43277989149518
35.006013299516795
33.96909717830258
32.77118268780142
31.512110121842845
30.288384494415816
29.078882204106105
27.163961559126253
24.56116359362089
21.252657417913394
17.983602648602268
15.437420120606335
12.788685553307657
10.076066249660188
7.270609778850841
4.389537063270853
1.4567401376276419
-1.4795232996236234
-5.082657924869704
-9.260613600748357
-13.407976130443013
-17.592471973086475
-22.233020513338484
-27.42630847268189
-32.458981957947174
-37.24556639598377
-41.06545932740988
-44.7379465737576
-48.279344072073684
-51.673575069190576
-55.62287188111971
-59.33872867294578
-62.83743580967691
-66.0893125108724
-69.02691342346472
-71.54427109418786
-73.62666327346953
-75.36986084898021
-76.19190035350512
-76.08502896501282
-75.04485973020365
-73.11009084404394
-70.2838532762683
-67.38573885153419
-64.48330982939733
-61.59693810330284
-57.97909518451108
-53.64554566224541
-48.63558793233252
-43.030110298853515
-36.87387687964721
-30.230484285858402
-23.20040446681291
-15.891418755901581
-8.412730457150312
-0.7958860737599033
6.340420113860613
12.495918408296784
17.72266884130214
21.99692907343789
25.360659902054838
27.870553892902823
29.57541297425898
30.416222549609337
30.427149400304824
29.889375303811683
29.06694258245784
28.008296365989235
26.88461899680641
25.632697868847668
23.629373802775934
20.936540566139588
17.608536239162703
13.6456933309038
9.822917747407642
6.80603669800828
3.7123452070055243
0.4918847338325058
-2.832670839805279
-6.260659857790659
-9.77841441449312
-13.38013554886495
-16.957575609688423
-20.492922068307422
-24.237676753113423
-28.426446647535332
-33.08143825444997
-38.39669912751782
-43.49372700871021
-48.41769875822561
-53.12650618010223
-57.64586728522254
-61.96417459321868
-66.82057301399621
-72.1666677729242
-77.2084834566661
-81.946818475235
-86.34614641334225
-90.40181302233346
-93.93882437232428
-97.07831219750503
-99.15269988020383
-100.20702083586923
-100.2099474424543
-99.20829292373905
-97.26091033902449
-94.3732244124094
-91.38558908311452
-87.63116550211977
-83.17805614964968
-78.05256705646032
-72.30669303527206
-65.99774064028571
-59.18534994381156
-51.94069762635152
-44.32138613729198
-36.42320837561376
-28.207611040247958
-20.56063690992127
-13.264931643115132
-6.938558168980056
-1.5443372212355886
2.9029761451136333
6.449231183025949
9.128381140114334
11.59957059765904
13.801368615598747
15.26446627173243
15.860282664378689
16.198732263219608
16.381498401862654
16.403065351936522
16.347137163815155
16.253169565141945
15.407558296141962
13.86393455986734
12.331206186390395
11.492491637699038
10.477526867928887
9.250469807243391
7.819874331102253
6.1889436577503325
4.360796866309503
2.3490065074817865
-0.442927436551566
-3.150162975762296
-6.043811782594718
-8.941016316628138
-11.697352311518536
-14.384331080910002
-16.912375381818972
-20.03624744646044
-23.73206172187788
-27.261941425347764
-30.61903676318384
-34.53807778664682
-38.97328308324318
-43.14843489516361
-47.034242489420286
-50.5494217683677
-53.689248332900235
-56.422129284640825
-58.066204596425905
-58.69554753221588
-59.00446211851795
-58.24861912672887
-56.499675785963554
-54.51929174063992
-52.35640143731413
-50.11323273110831
-47.10995459937976
-43.3995207875716
-39.00929362926982
-34.00575259967593
-28.45562726382979
-22.435966827277433
-15.999232377694629
-9.21008841069714
-2.083732819265709
4.708338836016979
11.197729721614675
16.734831719571
21.391604623577773
25.093554727607536
27.92504924501196
29.848179765223193
31.41720199272927
32.7389802716175
33.344063571699195
33.03959215707146
32.46267834118235
31.85808335588009
31.195011779289207
30.495609135410017
29.807576293849735
29.158816339015665
27.80148908559071
26.416812487929963
25.63992642264855
24.63923340179395
23.405494878997807
21.94728983244112
20.29634088870261
18.418807109594347
16.390408402165352
13.72895089078388
10.403254260560537
6.917214255442197
4.238056307483207
1.7912569827047313
-1.3442554834839153
-5.047251185055454
-9.306880924421822
-14.124500812521607
-19.44721473964546
-24.474780560922955
-29.938711826729435
-35.81592371536287
-41.27507184553809
-46.23155124302494
-50.6707432706918
-53.950184124377515
-56.1632820307915
-57.258799283575975
-57.29498379216578
-56.33049181129706
-54.38953768421766
-52.26874185034942
-50.043366170843136
-47.026101279129286
-43.29447219198613
-38.88224669099659
-33.83092216758587
-28.21383401306295
-22.122377027938562
-15.643809720750411
-8.825213363936404
-1.7039452729777098
5.716421905107606
12.759880085861548
18.832218558455295
23.98624331983178
28.218454625015774
31.554383350666267
34.04497497273278
35.631689451251745
36.93182747208194
37.35755103111033
37.11048543802256
36.65342071151498
36.00097067771005
35.29435795643801
34.55204299974811
33.79482472969567
33.072150045710686
32.414407291416005
31.783575156806915
31.05641388355297
30.112137913396754
28.914944820349415
27.52179873113736
25.910645934917163
24.097445837295115
22.07576692561115
20.69624752633442
19.366130615303803
17.954586831515403
16.31450293025874
14.0160179494424
11.848554876595514
9.026231877065323
5.620865594208004
1.6437365215074147
-2.879428444061307
-7.888615302335773
-13.353238862241488
-19.237409614560082
-24.734224906637976
-29.766620815651294
-34.25727245273821
-38.28655034503518
-41.22490950755365
-43.040566983527455
-44.504240973775616
-45.618970221391336
-45.65839754908132
-44.698066748754904
-42.79715383202511
-40.7621591247173
-37.935563456279
-34.42581964910071
-30.258997934938723
-25.498358251299273
-20.247696275786655
-14.580493903636977
-8.546178915839352
-2.169152143535257
4.581159192715304
10.941272765789435
17.085650330232074
22.27985531405999
26.509746780561603
29.854787950558762
32.27706523928398
33.81360967970111
34.46224107165413
34.31760694612981
33.37753252943072
32.222460627697636
30.30913655330347
28.376147907614897
26.44783965500038
24.58354244122477
22.813191283932454
20.406193392981525
18.11496388727153
15.042522413832819
11.871830166963834
8.504139126592863
5.046433380928474
1.4881286976658172
-2.2210308131951035
-5.996647164534487
-9.81957157287153
-13.679117252749066
-16.875234404341366
-19.343323049831902
-22.358254184096754
-25.289059103926462
-28.814439781803582
-32.901015548112525
-37.532201804003336
-42.65798235472988
-47.48546696888249
-52.77540744662064
-57.70325232106456
-62.193610378395476
-66.15468747666142
-69.67861911381961
-72.12439670494074
-73.46788487496993
-73.7554283997385
-73.0398915642291
-71.30884494552524
-69.35483227089946
-67.25744202553568
-64.33302034073117
-60.65758571031978
-56.28642961487508
-51.28147274538677
-45.71225898571703
-39.66993467994088
-33.232564893792315
-26.40238878382175
-19.225519201183282
-12.428276319554811
-6.005788930279611
0.18211679007368717
5.420231845950101
9.690775978689729
13.065470734938051
15.524594183572862
17.629992013778207
18.771692686942316
19.207827043865617
19.422838207886933
19.401190143271368
19.261015139831784
19.027852834815846
18.730955467300245
18.421005323058658
18.14097192078887
17.872827892919876
17.58518189909314
17.89799072211578
17.936962396621883
17.665607641204584
17.170315261613677
16.450641324646583
15.469121303308704
14.30042042537686
12.429981203211701
10.513845640031748
8.363616526286922
5.556044883930338
2.1681221759557223
-1.8493862572372695
-6.440608508214969
-11.562432058732663
-17.179533538858472
-23.253402543936446
-29.745208528038322
-36.61286080877822
-43.807007602511774
-50.46098387083495
-56.47484081956651
-61.99647431705902
-66.34204649205026
-69.47793750360206
-71.46373843892268
-72.33645233857756
-72.13004275749809
-70.91828448267856
-68.78354832173379
-65.78880007316384
-61.998693224777995
-57.498650082981264
-52.36516293205019
-46.67873784655301
-40.512628821185686
-33.92176885918164
-26.931449193295816
-19.52479850247813
-12.452318314339214
-5.8538968985778
0.5202507897528483
5.972289880715013
10.433326662272044
13.978217005950535
16.56682670767584
18.11261981944604
19.24986956266197
19.647113907486546
19.796843270876384
19.799150486453623
19.664387861461297
19.414516879835112
19.103255540250842
18.778166439660986
18.456160895807443
18.128631208888546
17.716847610886063
17.099914617107334
16.32315461741472
15.285923837033929
14.000933055632599
12.513805718524855
10.802196284839164
8.952079046882787
7.087454803350475
4.637133988383801
1.9993961053782932
-1.259124276927769
-5.165477644833401
-9.631956879583987
-14.598490599464654
-20.058600242564157
-25.99762786507096
-32.375426407043335
-39.15651165869527
-46.28423563054471
-52.96016768723475
-59.10520376700692
-64.67157187928383
-69.74966991962667
-73.66855221737897
-76.39698611544763
-78.00560131889934
-78.52648813245116
-78.00205068336118
-76.49448913447063
-74.07827664872468
-70.82751577094683
-66.82612513402536
-62.15202922030085
-56.86673584529613
-51.04409136403609
-44.7617531126784
-38.0878109164397
-31.088637226679985
-23.785431551079494
-16.220158668256026
-9.059545801281201
-2.12523944220561
3.825279477182422
8.7985118493442
12.851600847154181
15.97914532029806
18.824508120580685
20.739211127453892
21.905985507430913
22.163253185519753
22.107930035155245
21.824945631519473
21.463063494512134
21.043825597629848
20.609169305190065
19.452790275254447
18.38528421885859
17.370445121868624
16.31691520083605
15.809817258736093
14.980058392646832
13.9324750158427
12.639585935618223
11.100723681038707
9.37374978845769
6.860242497959973
4.27737588347218
1.5340981021227758
-1.1770363140847564
-4.410346998291235
-7.4034436317994885
-11.022548644677556
-15.178393168220094
-19.879575958901654
-24.346662002971865
-29.31691324531396
-34.72608966178271
-40.54454060588435
-46.711633526001194
-52.33409407613349
-57.38954212260593
-61.25549655250332
-64.01429717892144
-65.62816983315014
-66.1478405122871
-65.61461554004137
-64.10379930832259
-61.66604389637259
-58.36399340794233
-55.037854105159774
-50.958427353799586
-46.23526998506079
-40.91433563945986
-35.07550478950554
-28.80616456532269
-22.192990707307946
-15.261394169779487
-7.9966662848253955
-1.1389746925772282
5.425596667092116
11.082762305233349
15.829085522054246
19.647338970120664
22.521262300721478
24.450073211841687
25.633007298437057
26.431581435636364
26.89421970746111
27.143814409172975
27.181848707074465
27.09824206577848
26.94008665565751
26.765684650208275
26.606299564253604
26.497272165081966
25.690867350676406
24.13914013179346
22.479421284438473
20.569879969445587
18.4036302825392
16.078145519534292
13.55952526114455
10.928625172108584
8.222882435986266
5.274882350467652
1.7671479044299265
-1.5068879551772707
-4.617286319570437
-8.276313717519537
-12.489946316438775
-17.237045875800906
-22.503775037248225
-28.233777294523247
-34.369269874791335
-40.124141908822544
-45.467743918796806
-50.31569943438453
-54.63729545555627
-57.802815974608144
-59.909930717344125
-60.91383034176573
-60.8715487823414
-59.820985106491115
-57.793196400806124
-54.833512355368875
-51.78232264513444
-48.68617720553858
-44.84100259926063
-40.32835604481814
-35.215925913313306
-29.5583673161042
-23.442315445224164
-16.93296034270174
-10.105793686157604
-2.9543855243109842
3.777358389837378
10.173029038136608
15.680347623198132
20.287089020752894
23.937102552682614
26.686657208765606
28.497941734704185
30.016022784112018
30.68314038476981
30.52532471014093
30.05557808277553
29.433172366073876
28.704660395706547
27.91788668935108
27.10786789448771
26.321338928334857
25.569612811890153
24.891076050188225
24.21294590649263
23.40502917238816
22.35939224276763
21.001167955747814
19.44241513831716
17.70204386012435
15.770328793728822
14.467439573674545
12.435079600883565
10.30028237812067
8.061672296543792
5.993454431468042
4.0291602904436
1.443579384021737
-1.7254668323869933
-5.4754574195284675
-9.78600874354936
-14.613266804316451
-19.905038157575518
-25.612329843268604
-30.951027826667165
-35.84688128900116
-40.204689852856035
-44.0985647118126
-46.86857921088619
-48.53408404136755
-49.84322435654187
-50.08735638028821
-49.307959593130384
-47.52641111056346
-45.555624534356944
-43.488170779921326
-40.63446776766303
-37.06693715481894
-32.83377941276686
-28.005164970872922
-22.667252866304327
-16.904612239602713
-10.78421188880178
-4.301468646001441
2.517394217465953
8.929318971894745
15.125218930395292
20.397652520070917
24.760266032803745
28.212424557575968
30.76873661488564
32.349867382736264
33.18550713067314
33.14580219751088
32.44392963653522
31.448229688233507
30.269743799193574
29.019057479395567
27.749831169794987
26.51469505773634
25.34795709204616
23.542026733817256
21.829747681334794
20.104186787877758
18.97672511319152
17.55363285338533
15.903152357927388
14.04377972529514
11.98867466086307
10.506923900951358
9.654088132065898
8.520090662532713
7.29996405472684
5.834870893433731
4.56310343411672
2.6876993083925167
0.19434121624730968
-2.8840314187312917
-6.535264288445048
-10.733877657961763
-14.706099848110018
-19.171204211458726
-24.088209906583934
-29.363077960885843
-34.13427084494992
-38.34424504141593
-41.40315462102942
-43.39562964313114
-45.02109949543711
-46.27182693795707
-46.44019810841819
-45.57693915424363
-43.747758353835486
-41.78594091369202
-38.99442836823045
-35.46903144561093
-31.3051682758064
-26.56953969233623
-21.314114060004094
-15.62329450746303
-9.559386634599308
-3.129607064163785
3.6713731224383177
10.132926802207507
16.29686603183983
21.47941647642122
25.784104341483697
29.180951716289403
31.65215589766664
33.19384614914401
33.92329721653682
33.813103559912925
33.422912372645285
32.862769065025155
32.14428080447726
31.370490535982718
30.58531062091271
29.816205473439794
29.097561851227805
28.4415924675178
27.828380854882443
26.412827323195476
24.825720986278913
22.961135105088232
20.912885392972285
18.665520532095943
16.22771735954181
13.65370434697435
10.999731564313246
8.184767217804398
5.301429490881226
2.602652660344248
0.035292834869334745
-3.097762698176089
-6.804375799269543
-11.064753811727897
-15.85820699813096
-21.124697758425754
-26.809209872561627
-32.86675581624701
-38.480069194414796
-43.56158450085931
-48.13159571346067
-51.54281924870068
-53.86854561690556
-55.081631898438886
-55.220981761447455
-54.34079993945411
-52.48277510260605
-49.71322505680189
-46.83616134640853
-43.91443709022973
-40.260205082866115
-35.965154481710506
-31.094824625486478
-25.693831413097612
-19.854559109282917
-13.652934917303137
-7.12888501374394
-0.23466770240381002
6.945923334129831
13.841514039653168
19.8497540047594
24.92713445860913
29.030145946102326
32.20075967739773
34.373769806287726
36.24678143093098
37.32617019597757
37.59672431060608
37.5510448697005
37.43090301718243
37.20960278404601
36.945242975258
36.66529181172806
36.41518045072215
36.21604273652035
36.05366961223284
35.8109918813381
34.70179633266415
33.32416585308914
31.638191681427955
29.762474730488588
27.696187446137305
26.18949577557614
24.563397857123835
22.195370611064597
19.647652600104422
17.750694219266308
16.07947932095341
13.707598152267284
10.744503235925329
7.197064575494359
3.0911850735305126
-1.541599712596169
-6.642672046492934
-12.151251199109497
-18.013164629681256
-23.37417451129939
-28.16006602253313
-32.46648326377133
-35.66795538051063
-37.719399602452874
-39.396459441173846
-39.961220077593715
-39.470212427925006
-37.98872140207271
-36.339034828234276
-34.59876493801512
-32.075810565787314
-28.841649986454865
-24.95926557662035
-20.48651247479569
-15.48912349242803
-10.059940461090108
-4.251566642660896
1.9271153069940326
8.49531892805153
14.715652610379191
20.726526771876976
25.822682605134794
29.953845963386698
33.199072906969626
35.51453644302185
37.57288858179218
38.910326053671504
39.980026934933164
40.7139450030996
41.05414544560456
41.253042995789905
41.34764605726612
41.37878805131836
41.396846583050234
41.43337465659836
41.48819240277523
41.51697960502969
40.64417398111649
39.53663841070888
38.14914139860747
36.56316396700404
34.79724704120582
32.80557930234564
30.65690863396546
27.759262161919622
24.629064880629294
20.84424145624665
17.309633536853276
13.393018315947183
8.93529896347694
3.9787360400154146
-1.4625699499897653
-7.401205679903064
-13.778002492493748
-20.53006559687303
-27.619953271751815
-34.23036904482139
-40.285433543375376
-45.75992657309183
-50.03907528953033
-53.21857423470554
-55.24395813262152
-56.14665648156557
-56.012338131853994
-54.87522224409318
-52.765354456993336
-50.523481052007185
-47.466853687618276
-43.68992196337968
-39.265607489094435
-34.25881402741347
-28.685207148096058
-22.653687353567282
-16.24548639062354
-9.519475024218035
-2.478971929953443
4.126653876396458
10.425638968994022
15.826862263420193
20.37978882623009
24.004990881954747
26.75914198206267
28.582237719824136
29.97960875053854
30.545742018673412
30.340513178269614
29.83036713445351
29.166286346088107
28.377309472164495
27.558354594787208
26.72052797026979
25.91292630548754
25.15565263090832
24.466939983764288
23.768932303690285
23.702164317240634
23.334292221568113
22.650820641383103
21.704317916071663
20.53101470393958
19.120732211803
17.575637992283017
15.455888749161673
13.219212221168275
10.835203258571552
8.653711034047069
5.890436872485355
2.602293405225796
-1.2667035113821004
-5.70154985919452
-10.640668628807376
-16.031697194350848
-21.820767004692634
-27.947110665195236
-34.314377636407976
-40.09951303575429
-45.41120221400925
-49.595263010122
-52.620562904116504
-54.50990327435577
-55.313714225548736
-55.09609641512678
-53.903237469338194
-51.7634960999514
-49.501719066567766
-46.47659377742067
-42.77349444345012
-38.43008070903255
-33.49605462364959
-28.057733680057396
-22.204608516082487
-16.01360060534641
-9.5336128896103
-2.7304320148509653
3.7348651143045073
10.03255967976276
15.405414305789717
19.826221491262817
23.34712225529654
25.922992742748505
27.60472535259518
28.663949654491272
29.358669348754514
29.74334739039056
29.459505357666302
29.029260646897445
28.548242111569206
28.041008142727875
27.540595736453223
27.07823533194777
26.674567484048787
25.57879038605585
23.689214252302385
21.625133125636975
19.315636776022075
16.861586948862186
14.255103008160019
11.46359577778983
8.593389695755357
5.634778070647118
2.382124381798206
-1.4008228573042307
-4.930147998221635
-8.538466613643584
-12.660057404914177
-17.33016226214811
-22.539754214741254
-28.23982293094526
-34.35905246275005
-40.82617154541308
-46.852980255649015
-52.401591508406064
-57.44401751803056
-62.016724479800764
-65.4813548621685
-67.83562114577207
-69.08072081247268
-69.28268298588142
-68.47580163142102
-66.73075496964533
-64.07798159084815
-61.35161885608332
-57.86034174541613
-53.69211117441299
-48.91630679559708
-43.57359902304348
-37.75545590539774
-31.569276020791346
-25.085154884768336
-18.27727995627829
-11.10762199830424
-4.262522225276615
2.3707712177264955
8.04828024282355
12.80534433256877
16.64164380377205
19.582177542087088
22.26302391428383
23.984364345404977
24.918106129564222
25.02125208587575
24.85880069030628
24.60590247136542
24.282688169414325
23.929502555531045
23.584629971337197
23.297420128593497
23.073692030013476
22.845922430955863
22.494585704263432
21.891977284261138
20.968112391180924
19.836207612458033
18.471601201291726
16.87154729035472
15.059434931971479
12.438449531203414
9.786001166899473
7.010881334977458
4.179548858554266
1.5650966649728428
-1.6833011666678956
-5.490349478361058
-9.843152798604773
-14.733123691434693
-20.12562833034306
-25.975467078336813
-32.232619391999286
-38.86656190637532
-45.02352667302524
-50.61457063674557
-55.67400397887425
-59.542983313240846
-62.30592054863971
-63.909800997059605
-64.41462727204907
-63.86725920533709
-62.33034749499592
-59.84299579718049
-57.26422066916404
-53.910623767588554
-49.85533302939949
-45.15685637361565
-39.86619169159646
-34.058890744144584
-27.818752874809295
-21.217238569327666
-14.255075762409307
-6.9813637106786794
-0.12511319636330068
6.4501040531163225
12.067145797256188
16.8243388938959
20.637434502202332
23.565698163984806
25.563784787857866
27.24788162162972
27.978398067108923
27.94668626518911
27.62443746360467
27.126713917598398
26.52501999738875
25.866001366535677
25.186497266513207
24.521616869644483
23.916471307548697
23.339368462820836
22.729332414190345
21.939512346216862
20.870663031466812
19.548873149203143
17.978264445677226
16.190030550560977
14.926890769205032
13.489799964002756
11.320801999790271
9.141955624512415
6.798869090226161
4.6667802265239
1.9540485478864669
-1.3197920910688272
-5.150969137727362
-9.51705577843484
-14.366466795950373
-19.67692255009922
-25.40712222029264
-31.50714864185554
-37.124754006639726
-42.17095324331297
-46.724691419941095
-50.14211016818007
-52.41610111803097
-54.2966912064955
-55.0561543783495
-54.7429639205985
-53.4358870421425
-51.18466878066075
-48.84247828368162
-45.729555770454
-41.91822102868946
-37.46224990953524
-32.41229822044085
-26.839114517637952
-20.80647039934744
-14.38667011736928
-7.659567753609565
-0.6856924088540269
5.816218206709314
12.078234463725831
17.39166723694834
21.768779127340704
25.25501682925159
27.79914198649287
29.91880957049567
31.594242317103678
32.5240990860412
32.583396944639645
32.40873024680178
32.12656202815681
31.760056218696217
31.333693669039665
30.873778953098423
30.403132816711132
29.96465306676409
29.584962250374517
29.22139414456646
28.71748250334009
27.922887362256393
26.906519537402417
25.65741896555163
24.132492642477136
22.442383012620244
20.109092361634755
17.226850134206018
14.160966578096682
11.841951117623246
8.945163648859829
5.4383606182155075
1.3747130700101635
-3.2257379222531806
-8.328726088915532
-13.882314770036556
-19.848070287077018
-26.17080678128333
-32.79456843147958
-38.845143351984355
-44.35783524547073
-48.67996310867873
-51.88644852707688
-53.933096356351584
-54.875020113688436
-54.750107139304035
-53.61433077008198
-51.52503133095172
-49.3024555170401
-46.26082888813084
-42.49198158980162
-38.059532108653855
-33.030408694843935
-27.470749103685623
-21.46698986004016
-15.102085793375815
-8.425842218165327
-1.4451748087684855
5.846622937106326
12.805457594364839
18.852332996542593
23.980018566174778
28.154769319505398
31.43063998041325
33.755278382750085
35.604921587620716
37.11333027692357
37.98914883594558
37.91044493429864
37.55174842521676
37.157683446089806
36.7064554834883
36.22765658930666
35.75543655208236
35.33278775052366
34.970211831233115
34.60488660108388
34.10525522316351
33.353288223112095
32.28463252531827
30.99168411597328
29.474988425741657
27.727513983773424
25.845876893385658
23.406313199453383
20.355015850463186
17.067722254758547
13.881298940888874
10.94929273643803
7.334288868452772
3.148162150350001
-1.5822701419856415
-6.825168278711006
-12.543881104095467
-18.68580461176723
-25.19106117143104
-32.02125113739279
-38.30472879813603
-43.987887615035454
-48.429588017334694
-51.74536864108345
-53.88217022299764
-54.89678376316087
-54.834189460600115
-53.75086792001122
-51.73623974974513
-48.81404421007051
-45.834760739826244
-42.10060272698922
-37.692042309507386
-32.684036238650016
-27.134674329573507
-21.09119136357678
-14.664194702582147
-7.915643134665213
-0.8428096697981027
5.850364768036523
12.208377222663287
17.635187954163236
22.186325094038853
25.76478400796715
28.453822541699736
30.275736869625725
31.77491555289698
32.46798670258729
32.323246821125146
31.868598929461907
31.25497664920684
30.55547608471435
29.799630921831987
29.036288825056833
28.274076686149957
27.563377763146192
26.91062061514348
26.259968830463723
25.452862572271133
24.3899438043355
23.037640578236815
21.45734359898726
19.69708090543945
17.711707268607515
15.519957801013007
12.62758776149583
9.612692955267539
6.514842011626193
3.6575253027879717
0.2190630967600778
-3.7602666399436693
-8.246288385428269
-13.254885538378304
-18.758910853041716
-24.70685240207861
-31.038833805731155
-37.69822053202896
-43.851677144592166
-49.41906789919982
-54.47297272948108
-58.36718659611788
-61.1346348851383
-62.7423658038594
-63.24909001917326
-62.69175082119411
-61.15338498414153
-58.656863971488434
-56.04458773538526
-52.653349509042144
-48.5922453161721
-43.91699285976445
-38.66939894130764
-32.91515474162968
-26.735867776162703
-20.199935069579833
-13.314284404392017
-6.096136438114121
0.7080856938821054
7.256738550226152
12.849479486618332
17.53449618959785
21.289760092907425
24.14439776788996
26.038901925595493
27.621773912090806
28.38586764291053
28.319738550527674
27.950926500524936
27.4842296542585
26.93346327445269
26.329051661695665
25.706205095869517
25.11350337941846
24.57237824572317
24.039118650855823
23.439854319412426
22.64999580734751
21.583071991660248
20.302562508950288
18.796404345417518
17.068999520306306
15.148591615548211
13.140394262732588
10.46333332850588
7.675251036600033
5.569583016521588
3.6938967053690126
1.1736221019488646
-1.9390022481039721
-5.620108660782464
-9.833955157750985
-14.567321294191572
-19.761576175362837
-25.384269801025948
-31.360855819669347
-36.82935646500431
-41.75745378620134
-46.21305644274612
-49.5579190859565
-51.75976708755303
-52.85483047918919
-52.89737209472447
-51.93414413727915
-50.01087905117325
-47.9292963672919
-45.75878529154564
-42.822905250911575
-39.17563078412977
-34.874495670139595
-29.98861553976211
-24.589628493190496
-18.77306312016789
-12.590644799116268
-6.099274228501081
0.6859973047369032
7.126568660836234
13.363890768832597
18.64773472172278
22.990615645102135
26.438236946988876
28.97528028610273
31.138112532285607
32.337596506906856
32.81868138734484
32.45681168997328
31.859493599575487
31.155809418303033
30.394087309741806
29.58780822649914
28.78927756682618
28.02347923113779
27.32188597654791
26.66889540562571
25.9595391580128
25.767435828529475
25.23801666087645
24.492661485048142
23.487675550517583
22.207797807258313
20.73123161931221
18.566996875327444
16.35665420667231
14.65015155825642
13.649506082454854
12.092351501813036
9.914784450368487
7.110238460171814
3.7303336009693946
-0.20156652745827586
-4.632363597955793
-9.502084632772373
-14.76083771687684
-20.302706075802096
-26.012573160495066
-31.199106116255297
-35.22576596483812
-38.053893666810325
-39.72396390450638
-40.29501909525968
-39.813864713507975
-38.33655415153506
-36.66264319571915
-34.87270636244267
-32.31060871492079
-29.05467823995945
-25.15440521744642
-20.66441999959116
-15.65554152988538
-10.1960869752274
-4.350763696458197
1.8849003104474304
7.782853210948878
13.338981962187905
18.69047543607098
23.142302412904066
26.63860857195969
29.26340446887882
30.97346294115028
32.22657984885832
33.19414945540125
33.45783137301052
33.44950016790303
33.235238404556576
32.901239125729234
32.49866111831246
32.06388782999913
31.61727183206768
31.19010947223234
30.783775606592286
30.33881422463798
30.492885836290313
30.387207226488698
29.98271525358705
29.33840026984801
28.46682525252573
27.329663959795216
26.014081992593574
24.108057459325067
21.479508907809926
19.39259738739986
16.746755333092874
13.572683758345699
9.830790421703078
5.534697764693362
0.7228714276184254
-4.54732591778407
-10.227324385959731
-16.27383197924973
-22.594582160378785
-29.063722486438625
-34.94934314772594
-39.634624968475954
-43.167315243832405
-45.53016576265942
-46.774268470563015
-46.944119001181
-46.104153880946434
-44.28920690860744
-42.32500928774827
-39.53971989777868
-36.037700263474534
-31.863687712756956
-27.07124753106328
-21.73502846144302
-15.920458379257232
-9.703851727386184
-3.1356324467734176
3.815849894931251
10.343239554632039
16.58457297004131
21.893725937848632
26.286114070742645
29.7725475030668
32.336342838209326
34.576676808039544
35.947518379778394
36.54326411456672
36.86454554097963
36.99893416390767
36.97350768985043
36.83055433996138
36.60993407673283
36.34540522892786
36.07307894061487
35.809695855036104
34.79994165821695
32.96334931128729
31.0118219667816
28.8486134222218
26.498423824640014
23.982362589514565
21.26782073970057
18.40764039193695
15.581671152934378
12.621695001116551
9.504674948252926
5.789119012961668
2.234737570928143
-1.8594812766614914
-6.470575364323861
-11.577112210516074
-17.13082775827512
-23.0952465916358
-29.420703470729308
-35.28765337299133
-40.61820702605084
-45.421714934735085
-49.04605896115527
-51.586377311863984
-53.025741154916226
-53.39911756165417
-52.72461531416077
-51.79327617940748
-49.900705117838285
-47.103903755904895
-43.45110787318632
-39.78706558601932
-35.43603462634981
-30.46654246501595
-24.938012815926196
-18.940543517171843
-12.54706530401181
-5.817850616642644
1.2123905795055812
8.540134409739148
15.47951881844153
21.451931684226583
26.52410100595858
30.63720448392099
33.85733988331976
36.163076865093444
37.51780251570269
38.135948377647814
37.93707540156412
37.441429192317166
36.795821029037626
35.984772350314884
35.112808566584285
34.22546967127438
33.3552774111008
32.51967003225246
31.72427355909406
30.936268623785725
29.297694095856787
27.508626188944678
25.49415063318543
23.27642171856135
20.903459572436105
18.34899266472178
15.6598290931247
12.943471561011163
10.049096128634318
7.0980549548614595
4.35446896599928
1.6949346408275134
-1.5231912042296702
-5.313770491991438
-9.678005674051517
-14.589409966438714
-19.985800545418847
-25.799475705697706
-32.000322593076824
-37.75409753723962
-42.976305718636866
-47.669470124563944
-51.1927070092503
-53.63833634924911
-54.967444953250556
-55.21384762194316
-54.44174221555188
-52.70009662356718
-50.044138811604974
-47.272417123557034
-44.4123202736812
-40.802906585664275
-36.52191265716533
-31.62549148445378
-26.165493878512436
-20.233003019119028
-13.914500199226627
-7.232386058281532
-0.1904409906089798
6.415833845453298
12.68686553470558
18.014063902689347
22.459614098380865
25.971741764702255
28.62396374529176
30.37374114931469
31.774149561897094
32.38485657081633
32.18312242895288
31.74570957066194
31.16243214788007
30.455321459472135
29.687504923087545
28.896322234757434
28.121357715446983
27.40208306840543
26.72853570965801
26.01035377781406
25.918120699473757
25.572217706602554
24.942685306208812
24.059191332772695
22.93762706571967
22.290749811549322
21.414161438029506
19.838229069742102
18.058701015400406
16.901554417891212
15.862384527621014
14.176198957662761
11.893558606150137
9.024569276503753
5.588588079616238
1.6044981612053242
-2.9117348148755005
-7.900710668640706
-13.307134326306395
-19.066681679461393
-24.316532080545503
-29.017852414130264
-33.24285707906686
-36.34135542997283
-39.03207610142494
-40.55472345400253
-40.98473624868635
-40.357812640724134
-39.48056675784927
-38.43935246085354
-36.55205981740155
-33.89505974461663
-30.523253706149873
-26.50704601631669
-21.891949189993614
-16.747104944166686
-11.153293102764126
-5.165805123725065
1.1835261962187131
7.880482590478371
14.187540605008502
20.238936652704577
25.379535869353816
29.58499837657522
32.89940507159988
35.331596917076446
37.526651874001374
38.76497252854921
39.310398973751276
39.574994895021625
39.58633558513895
39.52418382602709
39.37540721886595
39.156398385904026
38.89965484530277
38.657947685899124
37.69035328747309
36.73731480059123
34.9426571668716
33.000240504730364
30.853953004382195
28.52262768891547
26.01725303502843
23.33145330002155
20.501193934703885
16.935814172795816
13.41542735805892
9.73435874273149
5.513646995041567
0.784961712646641
-4.584943415009216
-10.487233006037869
-16.85290300788531
-23.676887344121543
-30.936667375486905
-37.82373734768082
-45.07858416915029
-51.92983888264142
-58.30425484085378
-64.08740614813645
-69.36003924881003
-73.45866312973673
-76.45739757883474
-78.3208454049839
-79.10391504588533
-78.84589623466768
-77.59279028466226
-75.40463423653087
-72.34916619950161
-68.47605495452827
-63.87990152386309
-58.65713630943196
-52.86041241505875
-46.563210884200934
-39.86284834886485
-32.81692932940595
-25.41516698457347
-17.70522016453166
-10.441351321823731
-3.4336263771895252
2.6203416062282203
7.789372261770976
11.988104922355786
15.297173951778946
17.642295593806615
19.661920485763055
20.82816305515387
21.16024934923424
21.19369690850496
21.035411175830802
20.731808934003524
20.378487197500046
20.00640123825977
19.65977882787299
19.367529709232382
19.10223367289284
18.793314791463533
18.293274252938087
17.491993602431503
16.429827586107603
15.11502690765441
13.612294587237177
11.885750190389976
10.04665552804679
7.519019331242506
4.890537812751844
2.1950650709153727
-1.0775013393233954
-4.214620110825224
-7.90323494975113
-12.142552989600167
-16.919952422797028
-22.210408054499947
-27.969567341172933
-34.145808487643876
-40.67287541443753
-46.7324205405644
-52.227586218575944
-57.176944870237044
-60.945842961033925
-63.637291180182466
-65.21868383624188
-65.7169887769239
-65.1856883581064
-63.66412983753122
-61.210174593534454
-57.86622271579223
-54.45749891781964
-50.32861140684883
-45.54999886911748
-40.18121950727491
-34.28532189972861
-27.949367573666404
-21.261357806655283
-14.294160028910857
-7.084052719755135
0.39353636467619796
7.502572192356126
13.659833647047094
18.900392360691946
23.192441727174426
26.575279792703622
29.028510459934008
30.504763890032176
31.368484910143557
31.639665889026457
31.62983146940845
31.52226095989661
31.240839783928845
30.89548904461442
30.536296993355137
29.439208072436475
28.41833091137766
27.495090559498916
26.6350626652774
24.9274397844959
23.02036135801522
20.870560779598872
18.545815758739227
16.047045072131688
13.366435319455494
11.312311676359217
9.937647075052228
8.190082297299565
6.1058751486534915
4.176760362934445
2.274700577726808
-0.2009856361909538
-3.279205753213982
-6.9604944930723756
-10.442502236689535
-14.457509164910768
-18.981791872396656
-23.945989334950582
-28.524268563883712
-32.63821697011961
-36.23361547212607
-39.42644186277933
-41.56315782021293
-42.59037827221086
-43.304922303734905
-43.69896637660238
-43.06067720727855
-41.44915899623152
-39.64440627787494
-37.74604694278262
-35.07524505443331
-31.694680757760246
-27.657703053133996
-23.031445119620034
-17.899773643734417
-12.32174721974787
-6.3726840963249725
-0.07208684086028197
6.463818106138695
12.630292708523628
18.602772963961836
23.679325236055266
27.789035305847687
30.99643359924122
33.29619406897145
35.216987322680716
36.18762809963802
36.42433350891422
35.813628280720685
34.91179577207301
33.346926586697954
31.726118367422337
30.108636098085718
28.537946684034008
27.051429570835648
25.652258744946366
24.27804225936601
22.941835826555593
21.412186254316858
19.63506104923381
17.67445404801832
15.5550902228288
13.265322860695425
10.845345625461697
7.798176802814361
4.766342376012749
1.555989477502149
-1.6584579141689801
-4.580546228875512
-7.515797276797213
-11.00227331562078
-15.063751028838896
-19.677061566209296
-24.794857095445053
-30.35143931143173
-36.29927864716828
-42.59132013469244
-48.36798131566356
-53.564324204188374
-58.30890599891736
-61.95004550032795
-64.44024389642455
-65.81339612677814
-66.11134973347765
-65.37813103746565
-63.66873997574743
-61.033500194919114
-58.32819840776843
-54.87410061377865
-50.73392107285943
-45.978415217969456
-40.65467113646406
-34.83486958839934
-28.611929915700873
-22.054898300211416
-15.227355985599122
-8.072927923982697
-1.2921193334959364
5.282536840987488
10.956538063945198
15.61984124136564
19.352760859848093
22.127695335501034
24.57413300175859
26.26711522411043
27.76580332236358
28.913787788568897
29.793436090371973
30.46833732145069
31.050851056557086
31.56784502994416
32.0479626808803
32.527258747680634
33.03856959581369
33.58897413095162
33.25627499651053
32.6797741434716
31.820475574458573
30.725339346803565
29.46282680651296
27.981945362791627
26.358147634401142
24.751126177394234
23.60784992728148
21.65219862995914
19.095152890311883
15.914460263382557
12.907045850599735
9.32005042056121
5.171913945347125
0.4641041225937296
-4.733976022070334
-10.365963153138196
-16.399056449532363
-22.01475271613584
-27.1279755981886
-31.721385620637385
-35.91539921938678
-39.023081950060785
-41.009069991585164
-41.89413306693939
-42.463278987747366
-42.72291307316817
-41.95167636771273
-40.21461813041871
-37.57736764340116
-34.89502663269627
-31.494672703661912
-27.4352362429844
-22.74819440758119
-17.5435564202252
-11.913093201487351
-5.905925344007566
0.38137749985651037
6.896219660495468
13.003011797932123
18.922303607676596
23.94265464528571
28.049499377937998
31.243884553040473
33.537698909190496
35.58148071075898
36.73285991594903
37.20891305553067
37.31604940222086
37.17694519942595
36.42357382383308
35.57672546526178
34.66444707366237
33.7483606292103
32.877879170401
32.06625620533908
31.334348334315468
30.602201734701197
29.70808646912363
28.559607900072
27.19378427148909
25.609277244588583
23.82794966996126
21.878770668722773
19.16968874949425
16.408012087243627
13.441596021395378
10.01980272299033
6.771851881565365
4.129687726429939
0.895534205463431
-2.893318753050517
-7.234955908027835
-12.111717090205563
-17.46679692480716
-23.238139620766106
-29.37939180722137
-35.075420351773964
-40.23279859132909
-44.89098315064235
-48.39440188415424
-50.83322267866278
-52.171455537765326
-52.44744528642549
-51.70523520748412
-49.99691991755758
-47.39314321708784
-44.673305424842695
-41.89620744389383
-38.36949323728051
-34.16419160892822
-29.33632414370206
-23.938414480070787
-18.023994004951778
-11.720658465783405
-5.0926724123078975
1.821567390777202
8.980745344418354
15.761403094528664
