152.54766343876622
152.0476624916512
151.30323597320518
149.69930202103518
147.63479313763352
145.01183770504264
141.8498401760259
138.40089371749096
134.39394375721272
130.19851691858344
125.55622554723385
120.71389753033439
115.57197083407965
110.23900799189175
104.69539185842265
98.89480917769426
92.91709111008221
86.70329535892691
80.40776236230005
74.01604175683468
67.51010047020009
60.81994129095493
53.92399179646151
46.87327944647453
39.71956427848336
32.50777332933339
25.234330637739465
17.92902499674687
10.67176831327151
3.5359823520028377
-3.448014267958585
-10.26997630039847
-16.93861657169952
-23.45230761880705
-29.858159784554005
-36.15062132093069
-42.26746805608804
-48.24338901455708
-54.11221069895076
-59.92376473671055
-65.72179221258632
-71.52034894219248
-77.34406335454611
-83.17831484098821
-88.9862765832707
-94.71767875920547
-100.32777886117411
-105.79956341949938
-111.07376470994687
-116.00580140950342
-120.50601906709537
-124.45714122343219
-127.9021700503365
-130.87041237607883
-133.31680455838298
-135.17469342531547
-136.41596534878948
-136.8936062885369
-136.61106243483877
-135.49051553428157
-133.5381279514815
-130.7809293622056
-127.27588315365159
-123.15469778886474
-118.39116448534634
-113.13332950631762
-107.3281163744653
-101.05420388430235
-94.33158805553593
-87.17601640283564
-79.57093183663993
-71.47830513115699
-62.96421495857134
-53.93638364074614
-44.50852074230989
-34.68688666326226
-24.484105133662176
-14.02861105777215
-3.327391992510338
7.486235923513427
18.386691004437374
29.311677325610795
40.218046732649135
50.9481263789316
61.45996357651743
71.38652931834119
80.99849443189794
90.2138895674796
99.0952707047147
107.58946684519924
115.37406158033625
122.71023024239445
128.9984704425985
134.84286538954896
139.49968049487512
143.6064577544796
146.73787148453727
149.10984849442022
150.8724302296711
151.72872234356862
152.3107592769012
