42.2886736414938
42.19452602234837
42.097148935258204
41.897499277820636
41.665657963112885
41.37554555719876
41.04780585746683
40.69202270857776
40.31257359551477
39.919634099502765
39.490622130772636
39.04491347466836
38.52546369149181
37.96055808541003
37.32265361359505
36.62743770331655
35.86658085116101
35.05486816720428
34.19076367171066
33.30868291888482
32.41794874540999
31.533563003723177
30.66352990480338
29.796269367761614
28.914074220849532
28.013071126302744
27.07573417808261
26.10395526432772
25.08993684638438
24.02732203085901
22.915725650319043
21.758652730351262
20.541808061843884
19.273431468597295
17.955724537096184
16.585854611279554
15.172201806586779
13.718675886682178
12.233176953192013
10.719374162506725
9.190031838659792
7.6561044809313366
6.1413093252846656
4.670225720311341
3.238435811983449
1.8809403732665528
0.5908536092956683
-0.5942942562495267
-1.676173160365582
-2.6372953081412853
-3.4726407636195558
-4.1620423766230825
-4.715379384248055
-5.1160302672528815
-5.377364512113924
-5.490435951478246
-5.469696222798229
-5.2917433078337535
-4.9818476652687655
-4.535328995985087
-3.9831782322468716
-3.335159947864513
-2.592869736296075
-1.7612259822770167
-0.8236160886180102
0.2095268372957651
1.3442997974848814
2.5905441661177204
3.943491513239648
5.402591904675123
6.966924436153394
8.616250783052338
10.348191514757184
12.15919590312195
14.01716417661485
15.912174468395374
17.823573230269304
19.729021388019518
21.616828060256246
23.471749789820876
25.282934036147047
27.031521592184117
28.71248891452163
30.318656032505952
31.821873685838028
33.24640081672576
34.558638109683095
35.76950479336481
36.85544071097631
37.836674630891125
38.676474707621615
39.417931842408706
40.03414593257108
40.57424101282185
41.00406043086155
41.36343929980494
41.64509640158346
41.84122328961148
42.00561320547563
42.074813141442405
42.142997991451075
