76.86055439465487
76.71511514791052
76.50193922511461
76.17462624827384
75.72582335853745
75.23972649430709
74.70070576970271
74.15700529716044
73.61300339083014
73.09356814068403
72.60302299789129
72.14254148607198
71.71483805215776
71.34300451948042
70.99602188889088
70.68223185832305
70.39969799466613
70.14840235998817
69.94430834534363
69.79624938197465
69.70098274168726
69.64127654427325
69.6218431677261
69.64654834776299
69.71497551354959
69.82768503247901
69.99015455540311
70.19046681676848
70.45154331101035
70.76604819094825
71.13237823652564
71.54389602612567
71.98479216694581
72.44882868913736
72.91540009627593
73.35842567556877
73.72819539647641
74.04356479635184
74.30677304252879
74.50200469346795
74.61346065492377
74.62320277996142
74.54460368525075
74.37272192129063
74.08049624676227
73.70923496208077
73.27093520114327
72.75851229279814
72.17360639926137
71.50539358067655
70.75789322871763
69.97183815767441
69.14942000092022
68.31697457136457
67.48939842589436
66.64943852925073
65.81734238488923
64.99688536736264
64.17120461886825
63.3552860305397
62.56722585885626
61.81249593029629
61.08677965130325
60.42875339272734
59.834387164846625
59.311315687103686
58.90725388180479
58.58386250008461
58.364220419771684
58.251903022127316
58.21381914327352
58.26876715971616
58.39297189842909
58.5761254901251
58.8515541416829
59.20656450468901
59.6285400366954
60.1219282652746
60.69201929348345
61.339648371727534
62.04133878057526
62.79716891258056
63.585849823834195
64.40239997768356
65.23564665628345
66.09756648160372
66.96284658370412
67.8287428684875
68.68161542005085
69.51348939013234
70.32696128620346
71.12313590373178
71.91237020388844
72.67910460209595
73.41997365621599
74.1277725352022
74.75840813235048
75.33915360808763
75.77209189766361
76.03922548356074
76.21383946156108
