138.91130086822287
140.08241313688904
141.0431845637159
141.7118319709193
142.16853336566848
142.4894867979098
142.69548388160663
142.77833095027142
142.68413912986637
142.52597432929844
141.3840265780284
139.58915944988505
137.32113429073723
134.72076953339413
131.9613363286479
128.97819650034904
125.73443094417222
122.11567877755868
118.93802272509919
114.38453420692306
109.98271706386721
105.66701452851889
101.47707675350489
97.37007264175057
93.35240987835964
89.44448155894582
85.67078768240778
82.07706838809474
78.62251331525063
75.86251923056292
73.72905645984872
72.20627362714397
71.25423273256304
70.7947260629147
70.89688955410105
71.62055686854377
73.1231592550786
73.90092994623035
74.51268745026555
74.97510061761729
75.37652130303745
75.75732942441063
76.18955842109415
76.65940151313718
77.16299143894457
77.6905817303954
78.24011880296025
78.82708838302948
79.4789996733488
79.49284913875937
78.94196159306534
77.9666231204318
76.64001614541421
74.85738996202558
73.33998816226304
71.93661729500005
71.49020761167891
72.01586444614787
72.73464755770948
73.6500984365086
74.68391349769766
75.79846164733601
76.98910496633141
78.23167430093683
79.47922536430781
80.70890751514877
81.87843343930575
82.91430811170426
84.48545851003767
86.48318669664113
88.85019816219044
91.6647232973766
94.35343642109251
96.29758277817572
97.61258968813753
98.31600872499236
98.31828917648703
97.46550239006807
96.35952241318952
94.85981492401781
93.27947825696718
91.0470535517925
88.1315903625105
85.24282307597068
82.37331067433159
79.5492518913934
76.81545149436076
74.22382217616486
71.80247900927804
69.46405798811516
67.04218824584207
65.23117812678807
63.93628280628542
63.178057920830746
62.85028311184895
63.011118605955424
63.81104102905752
64.6584088725454
64.98446079505156
64.52098663915855
63.879754808951034
63.88451245227298
63.913637278777884
64.03174121241928
63.49475985850187
62.29402364029761
61.193987978841506
60.19407694389368
59.31584007628709
58.59903923036976
57.29953764833475
55.484404594025364
53.299614583819114
50.79110079725789
47.94207150052461
44.64387791545196
41.493066835115165
39.356746183694824
38.25885422428076
38.171680130883765
38.32995035023284
38.647477123901474
39.048976798894216
40.2653524370506
42.26448903237438
44.21815772364583
46.11257231124965
47.92222250638938
49.58295549244556
51.7907003375288
54.439223280897956
57.387623747291
60.712040433386655
63.789921317138386
66.80934544615481
69.21758062166127
70.93897362860632
71.91799376951376
72.09910250448324
71.2794389455031
70.16065913950582
68.31498128361234
65.9251021255351
63.50122354187009
61.13911461534536
58.74320908505136
56.36104961569104
54.010002186940675
51.74319083991991
49.581499913031934
47.52248903604489
45.43941368171197
43.98578741310499
43.08865876398321
42.713797561979796
42.811999534011186
43.39173028855948
44.503253677255024
46.346243029899505
47.509067198110245
48.47446933783458
49.83669456793033
51.15746746790757
52.445440200809436
53.77882548812006
55.13287713469761
55.77416330604097
55.70538001091871
55.71630736553327
55.8050200221546
55.98882964524446
56.30604571415621
56.01472539641549
55.20830446082696
54.03267154895362
53.12339926840327
51.742359242313135
50.444537471931184
49.9730270277278
50.47982947735392
51.201392864575126
52.11612421236359
53.12292635752506
54.20967840654643
55.3536202414659
57.27556000207765
59.91818378378153
62.49210948269348
64.99100945254945
67.37513149314847
69.56345677492703
72.24496369201351
75.28830681137738
78.6873442787026
81.21086439593144
83.61330856038653
85.40738394200972
86.60831272022828
87.07070568904768
86.78347402560374
85.63230870931625
84.24854996112435
81.98037465384778
79.02757879618282
76.17919653813416
73.33892609295916
70.54653719507192
67.74838052390668
64.97513775096573
62.25643955347723
59.64992293606665
57.164224337186326
54.66367046796558
52.76125507524449
51.44336332291405
50.652542981462794
50.382678054334214
50.60894208033111
51.336902905750506
52.668038493964886
54.026241187078526
55.33750059383486
57.170893251375794
58.79270875210281
60.4085613540708
61.99554981247228
62.85285567443069
63.00838500561987
62.48052606709117
62.03500108003203
61.67793196571062
61.44253247290026
60.60827307710142
59.255457023941155
57.46971705214505
55.4078073455896
53.59595771306121
51.34724482906405
49.19968022599555
47.26151521057876
46.377617083706006
45.77148818706693
45.42840959268102
45.229816586836456
45.13419440712455
45.88838885101175
47.420609110940234
49.68921367382
51.88974472784698
53.99968786285484
55.97998097453825
58.52113260797924
61.515378837815206
64.84887704255105
68.50550614029127
71.32736156337472
74.08032204887222
76.27354661353588
77.76757120910501
78.57506093980317
78.64375905818977
77.86986136365326
76.830319600184
74.88674267222014
72.27763644740602
69.07409132604413
65.87790266449696
62.71123895549634
59.58171214200979
56.48799359977516
53.453383513814885
50.52235553983409
47.72227281481954
44.92031597095155
42.74805155816355
41.15601479159656
40.09731433532367
39.59529644811744
39.539228606538416
39.9902878719427
41.04701190863636
42.153970380764626
43.973291942120156
46.304044997919334
49.144824714444624
51.93454687797723
54.658688633696606
57.32690728576825
59.961195376199875
62.57404664902555
65.15054004495927
67.67744668521617
70.18716866954165
72.7203484629451
74.53713140414737
75.71693510301213
76.3988527746372
76.63027956832771
76.36516807451207
76.21187621571589
76.16710569296762
76.32292326741566
76.65728923616783
77.17605833792237
77.83994894369809
78.61888915234273
79.515685535809
80.5089028371688
81.55548376893461
82.63494079805831
83.73189182130301
84.78239017960763
85.70426484063279
87.17398305217652
89.07563820971136
91.32359916503435
93.30329358727715
95.15386019349353
96.36304662338573
96.96486233889112
96.9519181717633
96.30037083598533
94.97349702893314
92.73795136962669
90.11489485458601
87.34853745344476
83.94007152176917
79.91837258819236
75.26432387509004
70.6898266615307
66.230115892313
61.92725998054598
57.79739366635997
53.8644098339518
50.06995990926458
47.01158017480562
44.606180227943945
42.738239478307136
41.41320829508539
40.5475752032091
40.163002660563464
40.24864933147913
41.0909149539984
41.46723898266255
41.91144266775965
42.93848833212177
44.58275600621696
46.88652848278771
49.14200374960385
50.61591106999514
52.0128305693667
53.426818812141526
54.847213216584436
56.28760942854457
57.75917057717464
59.298781647697055
60.1871773189416
60.500131985424055
60.39553573642918
59.91362445964071
59.05287989140393
58.385088113624114
58.528417728267044
58.808220633638015
59.249856559614955
59.83835150413377
60.570500161317966
61.41391929593559
63.06934149628625
64.82375820744906
66.58570939174037
68.33476583123613
70.02845322019571
71.63198593287511
73.07684017309863
75.03853054134125
77.39011897125226
80.02167184233662
82.36219111777189
84.47558961268871
85.86020297871207
86.66549297386655
86.81633971396312
86.38954180009414
85.26004552991462
83.31367077886108
81.22361499941096
79.02694562134027
76.0953571638214
72.54910671856061
69.06284014804571
65.66848829814407
62.367845971801636
59.14300290431388
56.05854647898516
53.16523493692275
50.45728856839713
48.47005638662661
47.13404228816982
46.34967170145702
46.08212957737896
46.306226091444486
46.915987683597436
48.0092112295641
49.68660889856784
51.30901116845745
52.89398892201929
54.34293581707418
55.576006512393526
55.98139139612747
56.369369490918885
56.78480005830803
57.296829996472546
57.12063334919928
56.26661725908336
54.74627765421386
52.58338177620371
50.57499870427388
48.74969142310264
46.39650392161126
43.61003408363933
40.5339474213916
37.09632366537204
33.376101464111265
29.97112991020667
26.749705432428026
24.542700339810704
23.358891067882826
23.19280223157578
23.22292871133662
23.373649543399193
23.602683040697958
24.672305040489068
26.514230075355883
29.052975639722156
32.24703251830306
35.284618350691844
38.10875132666946
41.408997837108906
45.06345556528253
48.9892177203468
52.72487684747976
56.268726696189155
59.04566029339886
61.19273390299358
62.671593212363426
63.36571043440516
63.24739458378567
62.24929370819228
60.32110625934045
58.23146941187775
55.49312417929136
52.161569428857035
48.88897437314834
45.71489341739268
42.59600305801993
39.571910697585686
36.6619107474142
33.91330462100577
31.264691394525908
29.240759882750353
27.787408703836395
26.88285318988907
26.49301502186312
26.56042300825136
27.175281471420416
28.328755531246316
30.099233695071575
32.584658834670144
35.04665762350731
37.23941021699163
39.930204980296374
42.49090376411274
44.939345456192626
47.3562127734576
49.76380264232502
51.39439717602254
53.004609812754836
54.5781795679246
56.14490582141362
57.742738639294146
59.40044985923032
60.408867355413925
60.90420640556865
60.99208265157169
61.303642622814465
61.094571096632556
60.95227839812485
60.949368142153354
61.84897479916712
62.91601277072181
64.19566891479299
65.58575363464028
67.03653148006998
68.49956022017793
70.73374355221533
72.92797429117749
75.08213344578091
77.17203442243292
79.14478679937541
80.93961061469363
83.23890885829947
85.86788364885105
88.78191163512697
90.82137760066875
92.81684908145391
94.25154384798674
94.97494766457231
95.05157539752003
94.41322891751929
92.90121233625982
91.17698342126349
89.25707407360358
86.63934917742195
84.10268885718149
80.9310383682522
77.7948608697325
74.67706999992117
71.5926140703343
68.57584394283279
65.68293744567059
62.95326458520714
60.32350353094257
58.34349446646428
56.93609985311528
56.03277077697603
55.6986405244002
55.85093480145355
56.51449204071348
57.82356128915217
59.17101963500239
60.55277277539863
62.48723713046614
64.24610315590859
66.608260725481
68.9352964600093
71.25857218092125
73.56035495528145
75.84301613826402
78.0851887190327
80.30129552434789
82.47480104677284
84.5986342854414
86.70791645235263
88.83669432729354
90.30905188443266
91.26718140478818
91.78993641444848
91.80957518884385
91.27863194684865
90.81292762447475
90.50867426964133
90.40958922904713
90.47159724056614
90.70282430567954
91.0732632274681
91.56546460061587
92.15909027885681
92.81485723617202
93.4818724707491
94.16363558499008
94.84548014974564
95.46912723615719
95.95119917076279
96.92918259558247
98.27560916557167
100.04332956380154
101.69059092082547
103.28272074392099
104.36398719224431
104.79456473881841
104.49558125495946
103.46973362640676
101.59345229907686
99.51371940505432
96.63637197379693
93.85584589023917
91.0207266645268
88.19461543963824
85.34230228770927
82.49394161340518
79.68302234535228
76.9737609480112
74.42839094931493
72.02701178620725
69.6453708953141
67.874707454955
66.7046586822663
65.9922629895037
65.78664053256483
66.10005568400804
66.95892695402551
68.45465215174832
69.95546055726872
71.32746716612816
72.470904670244
73.60509893122371
74.73230493607498
75.934996158781
76.44993758401918
76.3041113256826
75.47475960985697
74.71409532617115
74.02778723261058
73.41485079275277
72.91806798734824
72.56715691212148
71.65815128826489
70.32134965416788
68.64362920456456
67.1737289318918
65.2509889748472
63.452049543846535
62.616763051146165
62.0376724540267
61.67782895239464
61.51529604356099
61.50225613505702
62.344116449771995
63.970915292552775
66.36151647352604
68.7207693106194
71.01877552513263
73.22491520511242
75.28534309980013
77.1388968490794
79.47325284615133
82.11765202601401
85.0186874383518
87.07763668373404
89.03331992262943
90.49262700205215
91.26082587144471
91.37667953096788
90.78840291617182
89.35800273679789
87.65930681915574
85.73818963564571
83.18721122683469
80.02297618185358
76.91316996259454
73.85766919215241
70.83296769585327
67.87382444173207
65.00000458779444
62.25977848604942
59.68934963447446
57.261796972539116
55.502644829726776
54.35021355332551
53.631491908186874
53.46264168082128
53.7489250881934
54.54091307368757
55.9784968647317
56.74732088191828
56.86769798014333
57.53353971854099
58.744021900267626
59.91691256823077
61.076661775422714
62.2463169500214
63.416136114287596
64.62111385879184
65.84093982959894
67.0563073318042
68.25133556716496
69.47819297741566
70.77404980215424
71.40554295001773
71.46569354404154
71.07610361480086
70.25444248059748
69.00322423331565
68.7138048727059
69.22538872875889
69.83040249819284
70.55358826129797
71.3764305558901
72.3192417238884
73.38921775708056
74.55290021594294
75.77559768359106
77.02412949021887
78.2725146123396
79.48944061291502
80.63565143854484
81.66088870591176
83.22865127850316
85.2033505693948
87.46975960088066
90.19688046722456
92.71956727178564
94.50361588652872
95.6975918317856
96.19252607848884
96.13444477785458
95.38688608590844
93.83479371072653
92.09493700799092
89.95460746198171
87.74566517553062
84.94248168290423
81.55089315521388
78.28588798816088
75.0664011673598
71.9115595660449
68.89061668226942
66.02135524317941
63.33495595589532
60.628581521018546
58.54215818743691
56.98004105966786
55.92777770982974
55.44686967892088
55.38623420775179
55.85426069549527
56.97078893571061
58.12537240256352
58.817410899872755
58.71616681371394
59.13607821060539
60.16625282083599
61.15703279271144
62.16342743206587
63.17372487317016
64.22342160335106
64.60228080397866
64.28258279885189
64.04817541074658
63.90116563033112
63.84275103972725
63.89198842571995
64.08179268405956
63.67719426372813
62.79283269897573
61.51964070174974
59.77249585096329
58.330112074017066
57.79600563792377
57.375725006358365
57.085879995322195
56.91777656398652
56.92810774383893
57.11071064010291
57.39561631849371
58.495136652056125
60.37926602470912
62.23911264726674
64.05204909108402
65.8048095512371
67.45473886985408
68.94590622173833
70.95894014705873
73.3369614358861
76.01867314929794
79.16473355290682
82.09125547574412
84.32280548677198
85.89702070648325
86.79182635137461
87.03568282199917
86.54438424906367
85.29472318795209
83.23110682850943
80.98828133068606
77.93984243577025
74.27449625762472
70.02811158965295
65.9592879457437
62.07189425278492
58.340735497429456
54.74171386008621
51.33053649781121
48.04263977125932
44.82575578296964
42.319222327051015
40.407237582845156
39.08593073153742
38.31146993973488
38.031271145817534
38.3042707055377
39.13200238477893
40.60143808118552
42.12819400956853
44.36314637971785
46.40910113027507
49.00747665987531
51.40837474020462
53.65253021358405
55.82454907772224
57.997839318331074
60.12150532995595
62.17875111813814
64.16860890029841
66.13273921944501
68.08631844180702
69.99927706023463
71.86327341932879
73.71454170528796
75.58659560756715
76.81589113629195
77.50475021218298
77.74608751377828
77.55139006317526
77.63799862775231
77.82768807954103
78.07964774458105
78.46276316846412
78.95744730126562
79.57736107909359
80.33451273526491
81.22298177038267
82.21349330145848
83.24688718865389
84.28536113908456
85.31776461752389
86.34220698413073
87.30980615140075
88.16452314462761
89.59748185801776
91.46832717080406
93.74874950674909
95.78979347536523
97.65551836175243
98.80519622429182
99.34494432264769
99.22208613878075
98.39025690827131
96.75526566250319
94.20784625043161
91.39658011984518
88.5826220814137
85.20432141892431
81.24220066537877
77.41096918078232
73.62546172800944
69.93354830450862
66.37682089694178
62.914275570332705
59.5884119964423
56.30647614154083
53.689792671419546
51.713860102581755
50.363509433416
49.57637325436012
49.30385301116023
49.561852031565614
50.429512433909146
52.02876603062478
53.74882256980954
55.35352169687564
57.46217940546801
60.1107600606203
62.626023887872634
65.12268815443123
66.82674464172312
67.74436142207489
68.68399614325457
69.64202821565155
70.63022745212558
71.65670487827843
72.74861548568802
73.18503129711019
73.05676608542358
72.51289096110406
71.57819093420896
70.24935862112676
69.1350078856284
68.11402504113877
67.26260675626469
66.57546376891207
66.09357049350258
65.80780779839598
65.6652083723377
66.38836777588342
67.93821851700336
69.50785945994681
71.06763767895684
72.58035266769559
74.00974950659479
75.28475854515095
77.07350368403493
79.27895433436674
81.81173351868503
84.07611712715384
86.14799153021063
87.46892533839201
88.25247874019392
88.46828334861537
88.05818353979218
86.9638366503576
85.10586491188279
82.40290726016781
79.54247642805292
76.61622645598766
73.04650468930559
69.61239210749238
66.28813021539494
63.121991464405305
60.07302370819815
57.18542935938334
54.460916215818756
51.85936750884148
49.956874868976946
48.657585711556365
47.89372513053613
47.56910848946627
47.646075630172135
48.163506928347665
49.16193256087304
50.718977704713666
52.954085359636295
55.204487075452505
56.643676972303304
57.90301582705797
59.05110277655291
60.174253322043725
61.213287871240254
62.220760688889726
63.239530373517844
64.28339332139447
65.31211712156119
66.31299580714187
67.32476436235511
68.37999963867769
69.4917651888695
70.68363736883292
71.22919862602595
71.19300988809857
70.72209436018484
69.87260543271621
68.53829488479153
68.17746046344497
68.67338526150546
69.24227331408257
69.8887708914751
70.68417668985528
71.66122384119417
72.74425218006942
73.8873047915137
75.10370191236612
76.38796016031752
77.67477188395654
78.9417770597086
80.16400680925028
81.28200745168006
82.97986828145545
85.13481824443069
87.58906397955599
90.31002661402462
92.85107020206564
94.58249068794017
95.75856704511773
96.25384821776763
96.12686034606322
95.3008895798735
93.66171198052506
91.85280543621651
89.72067375358995
87.52043418917211
84.69867103652352
81.28302307108058
77.99172325372672
74.7596285941284
71.60669268469431
68.55618911247717
65.64707279359862
62.88757445194091
60.24249257152384
58.26211979709294
56.88050616908444
55.94558824112236
55.54923216376903
55.59077365580282
56.11620382961276
57.25147761180481
58.385572080335386
58.97110468335787
58.78211439386881
59.172278182667505
60.189933152090276
61.129141265004044
62.040189281799854
62.95520573651438
63.169146591260464
62.685368062165374
62.2909790360028
61.995813396404195
61.82593391530643
61.050678319215216
59.735295545424925
57.97069871409552
55.895257934728704
53.39813204970514
50.47743182327988
47.75374196963014
45.967338253854585
45.16509407795848
44.5817964428641
44.22227906834157
44.03994790860314
44.020889926904914
44.13290090630343
45.07071120591667
46.78684032784497
48.47522604127481
50.11790285215357
51.6633465414189
53.78914042604033
56.379598767179985
59.31414124721391
62.436801830270895
65.93038381288841
69.18184218300898
71.72786405183565
73.67194984273218
74.91258890655787
75.47883479025872
75.24488588256605
74.11262255300649
72.69667779136178
70.4684657585304
68.30868753957456
66.24958033199343
64.17540859100059
62.10747643195405
60.056220935612316
58.04891492000358
56.1330081193058
54.35422302372916
52.71756036593449
51.16374186223152
50.30382151815488
49.9698459515164
50.055440963779816
50.61407824079784
51.598959593990344
53.08267014747652
55.19812317642844
57.37316957958805
60.1335384741279
62.628697059802704
64.89434674824805
66.37612815181636
67.15933515823033
67.26952656822846
66.72994927859759
66.28469927403385
65.92108129036491
65.67221459419615
65.54534052098374
64.82436230567217
63.65057205460739
62.09700435648756
60.133237677246235
57.75379622033865
55.56936150274494
53.554822530034805
51.792914227662784
50.326081040961284
49.16021960892938
48.24618778734094
48.231891872636545
49.00540291410737
50.545175076422325
52.79741141013242
54.99847925061772
57.11856123996057
59.13079867057153
60.994637373192724
63.3814891804771
66.11155281207654
69.12426665135719
72.55395334729796
75.7822761975541
78.3385247974018
80.27209745930361
81.49179092462195
82.02117560183618
81.83465442084413
80.76948840540872
79.42689891387664
77.81670392240113
75.50418929716594
73.31985292170388
70.48180375977704
67.6702371434781
64.90123127159711
62.15688617756251
59.498385806767686
57.01390127164513
54.66567811848003
52.338477529899485
50.67152483074169
49.5470989566583
48.92791573448776
48.834061551940295
49.207693167161324
50.05311132845906
51.52329342865439
53.06474460190966
54.69639708842387
56.86231693882634
58.76269303478934
61.2413898620094
63.698738623395286
66.14476832039209
67.87711337307412
68.89220347090452
69.1661954630371
68.75802746859414
68.45145363336634
68.24176716590414
68.17150611312803
67.50997251288943
66.41686519407932
64.92927464327776
63.0989064026761
61.542081847045
60.09709996441702
58.84932804952027
57.835482632476875
57.080608270375336
56.54912560367323
56.16193845036633
55.86806554831871
56.39625903078209
57.6961441610626
59.72056394238913
62.410386960586436
64.96107338534277
67.35168399684476
69.50312050297137
72.12686151077186
75.03846219636348
78.236260491962
81.78613962315659
84.49918030974915
86.60690049734025
87.99629178637083
88.75616360894875
88.84026450258716
88.14867743764577
87.29918646395676
86.15314633335137
84.1746929130683
82.29789217756166
79.78177580134547
77.2929070764606
74.84609802157566
72.45376213698388
70.11835236276606
67.89102468915287
65.80827241433235
63.82323555766474
61.836651622919604
60.44880108445733
59.58840363158043
59.26419349035198
59.360927257913175
59.91216389789278
61.01782716875605
62.09537318248687
63.316562149080916
64.47202253028395
65.42671690768003
66.95629626197086
68.45401625991546
69.93548182087197
71.39640301386942
72.14562620487102
72.1978958276781
71.55388827159446
70.95985965475073
70.41302247097327
69.95210563815895
69.60568784105645
69.3992332277711
68.62899856379516
67.42405651697385
65.87492785618163
64.56657346614074
62.778411297749614
61.88060127400728
61.134414851391476
60.55352105623573
60.1519261127475
59.94540657716598
59.902663598445805
60.701739566700006
62.30148473591098
64.65604579430845
67.00129538353713
69.31168737151229
71.55626394524135
73.69365902273876
75.68117213254014
78.17589256296743
81.01151304898882
84.14564776270552
86.38388415556692
88.50167734054916
90.0057964469006
90.82943857738928
90.95819909912414
90.36254527329221
88.97620443621082
86.77620491350233
84.33336377346397
81.19489829998537
77.49080406981169
73.8717692175016
70.34234295766348
66.86503753428656
63.434143587773654
60.09516357025154
56.91048515503079
53.89876180436422
50.9811245402526
48.77251620967231
47.220015740170034
46.194270556691684
45.73177254181261
45.84834426625482
46.52885955670208
47.81467898596798
49.02934289249532
49.671334399518265
50.979551326676166
52.82880290204604
54.576387369116304
56.2415327345927
57.84235812507787
59.39965879220599
60.88801094077714
62.279390201339524
63.60966066949688
64.90935331284824
66.1771226855524
67.41809769619836
68.65873540444069
69.92703329369596
70.46648487157894
70.30511228625684
69.53712989482324
69.02891469345333
68.82317908138245
68.13330508414084
67.61596230210989
67.17096459397804
66.85226590432458
66.71330318036692
66.76369936573924
67.01799372645566
67.44646956026611
68.00577392101253
68.6763480317566
69.40747493542223
70.15923993842068
70.89906381135799
71.57861322989928
72.91521518097541
74.85491844751509
77.31272974431472
80.2482247282927
82.89304497793891
85.29676661023636
86.91131686288095
87.93596396350331
88.37362511034983
88.14370283827706
87.159538954327
85.36990281662317
82.7939979610825
79.8054805118737
76.56780894166388
73.31198981605762
69.54508980867236
65.2856556421389
61.16195997908609
57.17945368252362
53.37987333679163
49.72452664267208
46.14251596401594
43.30537539009771
41.15726641822293
39.599982159834475
38.546298745290585
37.93814025212341
37.82192839237872
38.2893179468694
39.400254706260064
41.174105776977946
42.50849820879991
43.30718317543053
43.40444816278455
43.38610931201784
44.03341626506249
44.69206000645739
45.367676087947395
46.01724775335246
46.66964918972043
47.31527212658506
47.96940389432073
48.638429816157
49.33007659582969
50.0548983433692
50.81745116414574
51.62490229663809
52.48394727525415
53.40826926139479
53.67093011977265
54.14313633886309
54.8143871229586
55.78901517925075
56.89336611839161
57.90738715034751
58.918194446097615
60.02916411314861
61.294178213410746
62.70364271429443
64.21403306546898
65.79820522933997
67.45781203232184
69.15188941238387
70.85135249712256
72.51951512293289
74.12159055203009
75.60965803006079
76.95477642907733
78.85042353006129
81.15895407981456
83.9688940273171
86.48353240398203
88.8680576825437
90.62210088291943
91.79500390100893
92.27952231352081
91.92577451723982
90.75555984338808
88.95690514846883
86.9811291936587
84.98347307387141
82.38458000586714
79.86530139650908
77.38325562569483
74.94154016951042
72.61464343131594
70.40333569808044
68.32537476585672
66.40213018037817
64.49617440289228
63.279146583146556
62.687495791384755
62.62956095889843
63.00260436421064
63.81610238034227
65.19708888010409
67.13949571459034
69.49513508745981
71.84812695116362
74.0668899690781
76.77313001654582
79.31454167233271
81.76188286856026
84.14040979562328
86.40698319482571
88.59329536515418
90.74454968589201
92.85722429577548
94.93151556845224
96.89906030610966
98.79277761303877
100.67776291177138
102.55758326338896
104.42150814714999
106.2653267736498
108.10788759476863
109.99312479463951
111.23534815144131
111.94703030547326
112.206805966365
111.98224430566887
111.94695242727975
111.90940128816398
111.92531592177319
112.06573245680283
112.33522809519782
112.69216026308717
113.12805057190185
113.65888631293736
114.25248972010858
114.85545356364533
115.44075200355917
115.99453366417671
116.51813489102055
117.00396626402646
117.41633275709711
118.40600100434655
119.94351634008277
121.24440857370928
122.39569737325974
122.77657321112828
122.64728312688143
122.0245219110874
120.75174835957642
118.71297770140836
115.99593305226902
112.62283511171839
108.5293197266722
104.29869136842403
100.17806194173382
96.29035449852817
92.5901008929585
88.29502033431261
84.12330821574335
80.03975848790857
76.09118191311664
72.17918344272853
69.00463476039816
66.52402186050263
64.68120129052659
63.41377306018486
62.66071597821437
62.4650152383276
62.88365933014388
63.85929767562871
65.38902589575457
67.59268538038863
69.90498409722754
72.10159367063459
74.09577955403502
75.94861046527501
78.4266225017897
80.78929920597037
83.0694375102118
85.25050715875089
87.34042281811543
89.30987355874582
91.15033220231555
92.93261033993095
94.63957737987414
96.26603723485539
97.83090148061446
99.34795043071321
100.83192146415008
102.31155811974072
103.07463701619909
103.23038883466366
102.87728076929636
102.10556839412632
100.81947283601116
99.6987388204384
98.6938446767673
97.79547409703082
97.08590035250067
96.57541262246315
96.31403252377427
96.28796412092133
96.3936055144367
96.61576597511282
96.92236136895144
97.27635026487519
97.6712623231356
98.08840101710602
98.49416594583583
99.57883481147621
101.2244384265501
103.2753694818769
105.63269461972764
108.45243429424926
110.43520888045498
111.68442916231635
112.33686152000641
112.31035984193446
111.65511932870291
110.3397850076052
108.30816057359422
105.51877121612942
102.63292577800571
99.6677524311961
96.02309953971678
91.83184139078402
87.07913758532032
82.46493976327515
77.95488526014594
73.60628044805388
69.40793264609405
65.37229262907694
61.45616250288684
58.30589379344317
55.873701783774955
54.004777320074695
52.70410826665268
51.90813316103439
51.62971332637317
51.92680699531072
52.882791364004845
53.86004064148849
54.87772573568094
56.567805631848636
58.0512983866471
59.3939217450579
60.681818791612685
61.959328071178845
63.14654699231563
64.33058038977414
65.522665718558
65.98569820644171
65.73824099149849
64.80312007424023
63.94506666824144
63.15810172270361
62.46022230797979
61.87866022653534
61.448366292538225
60.44495706445612
59.004700717481526
57.186412579959956
55.002155811207764
53.140653442395134
52.1817252454305
51.301947633779584
50.559301298966915
50.00696890420045
49.64875230450615
49.44419181342776
50.10260562529561
51.572343968753714
53.81075346500628
56.01133361338099
58.153947011746574
60.20504281697109
62.11446174269798
63.82742703251494
66.01128064383826
68.50791340364547
71.34774928410131
73.94785814309657
76.42379863631444
78.1888650548988
79.2628479355253
79.74969936977556
79.61417896572358
78.72658583326407
76.99934846352807
75.07310090848215
72.99516896469561
70.24064767469648
67.6150415139011
65.07497117239119
62.59016728277232
60.19414763539119
57.862258848629665
55.6428713443237
53.57951366442651
51.57421814790403
50.18738961658909
49.366261132518005
49.07555896341617
49.33690719102493
49.994844824646265
51.063281246012906
52.63016874925978
54.79612891526673
56.94881519833369
58.31769866668163
59.48674598263875
60.48844604766842
61.41544806969298
62.33960021192682
63.23987455554608
64.15743646342116
64.36408398585012
64.61005802426008
64.86840801537952
65.14141761496826
65.4617080015235
65.86025763751788
66.34733034702008
66.9213225656138
66.91882606907544
66.4894101304295
65.69675643116393
64.49730912066734
63.65200905984875
63.669017803433725
63.788867438555584
64.03700846667805
64.42164590207257
64.96247334881842
65.6314663349448
67.13773541242875
68.70608220553298
70.3379269635062
71.98230009021381
73.59947777942622
75.14840254196783
76.59005776690819
77.87947587224453
79.63064657384389
81.73636965717986
84.25451323756931
86.56002438362798
88.67843294437841
90.09375351153965
90.86410370497036
90.98542430261759
90.31244106245781
88.75376356798408
87.03751377661028
85.25467763778256
82.79238691697327
79.62982493570476
76.52866349749358
73.50147679840272
70.47851815906174
67.49583952325199
64.61623565112922
61.87782857687529
59.25661568223572
56.6458052220284
54.71448498705387
53.41320736840145
52.70702002155372
52.518571871787394
52.802785782683394
53.664609953864016
55.16486946652353
56.62596404667804
57.98259290170986
59.86264438973978
62.33708481280039
64.70047976839093
66.94531507592423
69.1797878175944
71.43116622395391
72.92540759701012
73.67143480790104
74.43923299552335
75.22630812252807
76.05749512017319
76.9566764502441
77.20642047816465
76.93724232867187
76.2751407560125
75.15005504610323
73.62786137507608
72.27452814421048
71.05661101492618
70.02443861433811
69.16519385479577
68.52330948960157
68.09388916161038
67.82443762420746
67.66054963550687
68.34185394101812
69.83491621873641
71.32136740084464
72.7893957602624
74.18615083485554
75.47304788638142
77.3346133079553
79.61993200320086
82.19782981654873
85.19796382988537
87.97608667687484
90.01227002193457
91.47167047425337
92.2400522634815
92.35478844291912
91.72292130682126
90.29107103782925
88.64286753607688
86.15478527130513
83.02114576004901
79.25145823609041
75.51844581734012
71.83348228695668
68.18852435648448
64.60086251025994
61.11268028200322
57.7586058902092
54.53935942110754
51.4098046225158
48.97758989946042
47.19232602051578
45.91149324518476
45.19387965317927
44.98456149678423
45.309702559128006
46.23345177285284
47.20436247446338
48.864689144351665
51.023693348217556
53.73455274312712
56.37810203755706
58.944920769667355
61.49575140359641
64.03125822491897
66.53203820537712
68.98405111784768
71.40052113832596
73.79284315447563
76.18641724081631
77.86280957803328
78.92139406771044
79.48765150581447
79.61802402801095
79.95670001537397
80.4569025381212
81.0117760971918
81.67966747018609
82.51229802612828
83.5056464996725
84.64811277066644
85.90243009622763
87.2208446800346
88.58619579465076
89.99234553040915
91.39136770926989
92.77876821725556
94.12536382160425
95.3838804022934
97.22772695595377
99.52842416005078
102.14892118064616
105.12174873418337
107.18096203441637
108.4358900458024
109.14803383338015
109.22247918238573
108.77434386685742
107.63839915747796
105.64959970160828
103.44127957590312
101.03539264558732
97.92654536141495
94.87682284048168
91.89342329983201
88.95179272402781
86.05621425275903
83.19496120234548
80.41382206584788
77.76475603756785
75.24429819963744
72.765923229962
70.9711384848524
69.80981410084742
69.13041412878583
68.96530175957018
69.16568842784142
69.87178210358509
71.24700102117521
72.6928756448175
73.46252404430254
74.0901585239897
74.60791418128447
75.06420346142906
75.53051992678547
76.00709424045341
76.53424124965649
76.37266239407847
75.5244250972206
74.76178700354569
74.07068918614902
73.48463314989128
72.99912705562642
71.92190808315205
70.33192089007851
68.36492510878843
66.0555340769727
63.382655505395356
61.00567315833456
59.52592917741486
58.96465855553935
58.59367686646133
58.439962367716184
58.46298411406574
58.636137850667396
58.915892298094974
60.02668017542395
61.925753999217775
63.8035717036869
65.65041990306642
67.4160249328238
69.07563259767987
71.27403782025658
73.89408693274369
76.80575965348915
80.09710135846333
83.11942448067795
85.28086246102606
86.85531909530059
87.76812145215011
88.05630728559288
87.62449105388036
86.32903093825678
84.79670333078799
82.41024018566036
79.34188836091748
75.62695615151374
71.94562077604057
68.35282071705764
64.80667819470703
61.36177248062331
58.04590211147886
54.92667748807884
51.96726128910672
49.0310708375476
46.787736479944975
45.16776202437368
44.04231241510413
43.45634939959602
43.328537667426225
43.71966766583312
44.768706100295546
45.88592291405748
47.716003862286264
49.35106289850692
51.54920793389391
53.66443389105911
55.69767212411777
57.71362168719313
59.69391106976302
60.90999480334547
62.10251044180065
63.28179019318729
64.46113315319911
65.67277233848303
66.96341255363683
67.604184925416
67.68640375263581
67.33299141323418
66.57796611392037
65.40139683989882
64.42054714563042
63.53610395548174
63.56527067259897
63.77238440524266
64.17488867850203
64.7481672973677
65.46257717940038
66.26283772950721
67.87823940560321
69.51265521294852
71.12955769032229
72.71840629250869
74.24041551363139
75.63764250657304
77.58668905394347
79.96270817303193
82.65633768701748
85.77240592770403
88.6448881045545
90.73913799825442
92.18915285809689
92.97709723517883
93.09111413821836
92.44493287930669
90.88201304551917
89.05020020335814
87.16162130481905
84.60665245413131
81.39933701738478
78.26542297813963
75.17535125257349
72.10906416775516
69.10171710852694
66.20666017787028
63.453277633600536
60.81840225032282
58.163831434268694
56.17105527015266
54.759400425255066
53.89372109752485
53.54285554059305
53.68643336835282
54.40625125841729
55.86706026296201
57.40553461569407
58.80718412822503
60.7227586369308
63.18226171795711
65.52074430736405
67.8013599997602
70.08029786436505
72.3510428219359
74.57432910351612
76.74864065747894
78.88805358817527
81.0179154749177
83.18062109609693
84.66121971085913
85.51290201684535
85.82074816003232
85.71669229594023
85.08428887576294
83.9608046690322
82.94576408157005
82.079677381374
81.40811195010433
80.94069064855076
80.69878652893341
80.63919071213944
80.6897650373706
80.82499450554992
81.051136307542
81.33988087296814
81.66239043015163
81.97518463639399
82.21465566269728
83.06630670643352
84.45944510579817
86.28282749532276
88.54196679994547
90.6913717123661
92.66340140175409
93.98630457375957
94.68337704514764
94.7681169492879
94.16425451474406
92.78402440023143
90.50788243385026
88.08445759499186
85.54870356094443
82.38225331287694
78.61089635654886
74.92358608734371
71.33334695439217
67.8527348427193
64.49706129696062
61.28336279513356
58.217930535024465
55.14161358488865
52.69517170622906
50.902379798548765
49.67205385879005
48.981754337325285
48.75787901205008
49.047588195861124
49.90592659392808
51.48248760084823
52.340840550870816
52.499932007815225
53.25034860764545
54.58671042220516
55.87477544886887
57.12718303415339
58.335976626006534
59.53694229397528
59.987470249783186
60.44904165290338
60.92759013508271
61.4490504436852
62.02861334949568
62.69512163630151
63.475087093434084
63.649802496979895
63.35039567467325
62.68114201735411
61.51701359050655
61.31940260056575
61.93183403456246
62.618339616793584
63.45288613644388
64.40834592170637
65.51915399521874
66.76457046739729
68.07697980725675
70.19392577386552
72.32319573781677
74.44673678733076
76.53642127720033
78.5651126159181
80.49107889970159
82.2725011008598
84.5820227630483
87.26037490943125
90.1978592604229
93.59579480751576
96.0845575831327
97.87538893998705
99.10667829040274
99.63083745594317
99.48211340062434
98.57455813450737
96.80148172148587
94.81148104444586
92.04515323296343
89.41538856979983
86.81694100009668
84.23993381426462
81.6370873827418
79.04723533752717
76.46999842347783
73.96136104440613
71.57368759161032
69.2947999566965
67.02776265598023
65.42090795730468
64.39010950368862
63.8044789793531
63.760023345555965
64.20886572793768
64.45782015239685
64.68072451205856
64.29462776062606
64.59692184609713
64.70433099855131
64.79032878541335
64.87039097684212
65.01597096495523
64.50527225045875
63.36930870708121
62.33285400606106
61.368947656337454
60.52369229562104
59.83248298301341
58.557828176414674
56.75705675966186
54.54477343571707
51.93985892371937
49.043795793866906
46.44863024362422
44.756067966090725
43.93112234911645
43.31424089325472
42.9321539624928
42.762479461199554
42.78368808264692
42.93884543608619
43.91569214522118
45.67269541296171
47.42597668721154
49.15306287560279
50.80593895788743
52.34060335753617
54.452951338469255
57.041169430509875
59.93259496140399
63.1155824813733
65.93670465865453
68.64903732697647
70.72420228793457
72.21218264758909
73.02099750829147
73.10600759192495
72.45430086388247
71.04059899221106
69.32738293364633
66.68567154056844
63.41257825461698
59.55015795800673
55.78003941875094
52.13775116180824
48.592178361236954
45.15319247961472
41.86247663411512
38.76944650301169
35.844096469419014
33.646624573307506
32.06744432399918
31.000154163789663
30.408557738470623
30.322728195670486
30.765881266803706
31.745852374190605
33.30741603105847
35.01665870935883
37.51554910107156
40.51825690228266
44.02414540063054
47.396505037281415
50.62276622879557
53.75405060973277
56.83321148760513
59.859075856321
62.823872611116165
65.73524691298505
68.56920697752096
71.34211652978833
74.10200969240316
76.88879048572895
78.98154403329647
80.50628881350922
81.52817647640074
82.70373397745793
83.29362967795721
83.91493721174281
84.5893651538368
85.39126463655093
86.33001965685679
87.41921103866576
88.63283410103786
89.91129046752799
91.2322771380746
92.56890081399489
93.8946521596833
95.19564782928666
96.44924580075664
97.5799012463059
98.50833771556806
99.93958524564664
101.72866654475182
103.96276782603258
105.34354065269036
106.65378254280036
107.35380739958224
107.43061672797039
106.86430731011856
105.59905665356683
103.57029709079299
100.69972602911794
97.76691175798037
94.71565884435354
91.62143804261842
87.9356674938132
84.4340045847739
80.33790890796199
76.36649495368646
72.59852833101941
69.01183626065438
65.63227367114159
62.29458367968389
59.66520796415441
57.70435714845919
56.324042992907515
55.52006252691157
55.21622094997908
55.455660037544384
56.27873771772787
57.76723432855458
59.19820342090545
60.643102331709876
62.05569442308888
63.270045028546996
64.32011837514546
66.02227341354647
67.68222766515066
69.27139621633128
70.82661563539092
72.33681064840175
73.10017689300034
73.13957887217249
73.21481245464174
73.31187380104488
73.4415839578478
73.64268922574227
73.95483154454878
73.68431084272285
72.9492865964726
71.83310145501338
70.18886400034341
68.85191213700044
68.36844402198642
68.04750795568914
67.94187497457571
68.048126172596
68.35387667943193
68.81579111262303
69.39370908027232
70.76830519532183
72.87675591990678
74.93334793094877
76.94391830732211
78.88244733580274
80.69657250988247
82.30428381041125
84.39957575822929
86.88712812215682
89.09761246695025
91.23642532807531
92.55425870769086
93.27063039098847
93.36170689071447
92.7995828872818
91.49898384946955
89.34944723035983
87.03287227131429
84.43423447204323
81.141442906079
78.01279918861312
74.98493546193141
72.02714297398643
69.09721657844668
66.25386183010582
63.52545766186876
60.92858691460504
58.450495593790635
56.63400460030548
55.44005696221554
54.777846392566495
54.635513377250255
54.97408953338481
55.75354480333584
57.074808888701284
59.040564840728216
60.258995115688705
60.91374839783017
62.189441938507834
63.23428059323121
64.20327945508878
65.16072812235689
66.16363700602112
67.19943195839089
67.51442234877015
67.84834056237752
68.19715079572336
68.5991789671949
69.03799368647057
69.53836629217784
70.12960031877073
70.08988709172108
69.52249812184564
68.53682037748982
67.08715727429991
65.90188061364248
65.60022575265687
65.37685753537241
65.35038007011065
65.47603236984136
65.75621051282856
66.18131377267935
66.70538014515405
68.0585382859677
69.47708085889849
70.9267710744978
72.36096512120305
73.77019508344931
75.11619865532344
76.33907320333549
78.11305686912291
80.288387877211
82.79681691937115
85.09110575305054
87.25802142080332
88.7280464132666
89.62330881066063
89.93233595459316
89.57530942404655
88.43513883957853
86.46462034657621
84.3347596249469
82.0473069785756
79.75194735140694
76.83830202328645
73.34270157930891
69.95753816904116
66.67799396346533
63.47110088452253
60.39130935544584
57.46163894706809
54.63800600400098
52.508675051570535
51.00925544481649
50.05742922136396
49.588774955611576
49.53114855840653
49.94960965426083
50.943873544428676
52.57466570331873
54.197022723852164
55.10365751565094
55.216445131229555
55.9212700120464
57.21403609219566
58.43446135047402
59.59168291943602
60.759589392284624
61.21188924576981
60.981498514429404
60.80614559522082
60.67882076555966
60.60883492134744
60.63866461229075
60.050951297734855
58.90272669622708
57.309669651478714
55.29803814960859
52.92922521093674
50.09702113264539
48.17157160056014
47.118290014540115
46.25978271329333
45.62524109858564
45.211096330988006
44.996617899581246
44.92058675165655
45.67501357418998
47.212143149460964
48.75169308067913
50.29182381603192
51.7969841088052
53.202329826613
55.193813828297856
57.653064534106605
60.45536753097799
63.64866874622373
66.55902006382003
70.08523996738782
72.99991250605554
75.1824147874717
76.68662154854067
77.48446936581922
77.4430585315472
77.18670143081552
76.48754517649472
75.62271645301121
74.08409186700187
72.58865252964787
71.11584020957507
69.5927329863074
68.06368925435082
66.53813441138966
65.08414343987945
63.71881462966121
62.35976967845232
61.633560684665625
60.76256727750333
60.33734459666689
60.47542481587101
61.08602528274476
62.16291904318188
63.801384515340246
65.38342227951166
67.17852261567747
68.93178704045452
71.20048795265834
73.31750965032265
75.29546444045579
77.21936000439948
79.08119981632971
80.93222426116407
82.03111615328612
83.12140925410841
84.19640895025589
85.27626181524022
86.38494673587786
87.54028050404587
87.99875680563785
87.85020121629877
87.22860253348014
86.24618675667152
85.4308364263478
84.83339078207355
84.30923358563594
83.9377532877488
83.77364311511442
83.85118319193032
84.1660916596653
84.64248940403543
85.2217810831779
86.62004848654492
88.06820785993135
89.54708940058235
91.00652801084588
92.39931849539383
93.6918494354221
95.59500739393484
97.98397864601498
100.70146371771507
103.76449987151103
106.06248872754256
107.61319612350864
108.60942755396088
108.94687353257939
108.58984648609696
107.46492325157385
105.50053862100248
103.34794217614305
100.36608316129703
96.74164309118987
92.52796447239538
88.48767636531372
84.52815651456545
80.62114479317233
76.80486236282259
73.07562268473548
69.47205096947782
66.01813141688447
62.599563161808966
59.839072478828854
57.6841488331086
56.08008420363943
55.022176584776965
54.47546560246384
54.49507460930456
55.17070227035722
55.14972645868845
55.80689383294466
56.9979467041696
58.755903866586884
60.34231361687994
61.89015147646478
63.48331742462478
64.35736800974041
64.5228588282482
64.72408355848914
64.994010083777
65.37305347973968
65.86669500799123
65.73808193583069
65.07426099780533
64.0159199708395
62.521456362939965
60.592268817235244
58.82978142240409
57.957621441513105
57.36169100240629
57.01038652239254
56.87313716886869
56.93332502727106
57.13884494248436
57.43980098928341
58.569789390559976
60.49313662145066
62.40683597811554
64.25827965267756
65.9901677180341
67.54447813099208
69.59906908619773
72.03375009834751
74.793355633554
77.38752970127544
79.85040630499844
81.65978844682023
82.86976882842744
83.45143815380257
83.43956252871291
82.71394275671848
81.20509056541779
78.85565169439731
75.62117623518009
71.65138688069091
67.15221969189965
62.08900581796591
57.131336835925765
52.33129844786863
47.67192855259637
43.20485137838827
38.95685616112843
34.864105829947924
31.435153837361923
28.638330452554143
26.3985814990308
24.71033335721962
23.52936505364845
22.816951761436
22.65172194152879
23.13108127669582
24.34429680936704
26.340324568034944
28.237296845160238
29.888254612050194
32.11170227512397
34.22860655646076
36.239180513637876
38.21296796015931
40.147765842191376
42.08105040173612
43.23746838051396
44.41637897306668
45.60949240797719
46.84274444123338
48.12651960421374
49.466478859835554
50.135305557147525
50.25476261269497
49.94836548824748
49.12750207684528
47.798119836716666
47.32232122817571
47.669615431443795
48.16928949183449
48.859298101202924
49.74410077561407
50.77984898914516
51.92064655939585
53.12072611179823
55.13393163919209
57.1508699808443
59.14980392533598
61.090077976486995
62.93840736336319
64.6429934364061
66.90620617163042
69.59555730608322
72.60217298910229
76.02795807373789
79.29275761495846
81.80088306041597
83.6533092947224
84.80979774966286
85.25892942874155
84.90731114949263
83.68893202333997
82.24907222357767
80.62958457759812
78.3654900908386
75.47683106159272
72.6489760135176
69.80359305551316
66.94558489293281
64.10312460377206
61.33218283316385
58.64015466662729
56.00799663832133
53.415628667233946
51.44867423538068
50.09402787585494
49.269062853949606
48.95297431204018
49.15441924535629
49.93672003253362
51.382606147549886
52.865014867296765
54.319590897566286
56.22165348501907
58.6468235677028
60.96580426399812
63.24379712650352
65.51618726108278
67.03759445100995
68.55495221489264
70.06466310328388
71.58744253586922
73.15045061596415
74.78146055281795
75.75610150309463
76.18998140710595
76.17937811352508
75.70289721913902
74.69633435037946
73.77784330494576
73.02471933407833
72.55607825877719
72.35420602251374
72.36180121165748
72.52002056817699
72.81356936497191
73.21530093028466
74.45650338757162
75.7417653746043
77.04681167179331
78.34392179280587
79.59299964813064
80.74305498953
82.48339564981056
84.66072858201156
87.14979001030173
90.10453323134595
92.94164035039425
95.062534585374
96.52649111452958
97.25858829670699
97.21011305915418
96.42207606429629
94.83668696966217
92.33458579790663
89.73530117830278
87.23941217120002
84.09879962429608
80.30270930367428
76.53841518676617
72.81410085543288
69.15603515607881
65.59000240700134
62.15876466431643
58.84692242604823
55.52935751642889
52.86035578204289
50.83935846836732
49.34920021723638
48.366637564465464
47.961255376732076
48.09377149842031
48.880147132228196
49.714438031538336
49.8140434639756
49.012610047816345
48.873723623295994
49.45518171384704
50.08612332528327
50.779467504016864
50.76959733689738
50.82585161163663
50.92204733195843
51.08295766356702
51.32947478133446
51.68702711867346
51.436550813149935
50.67139744267033
49.5260801107009
47.988683769940316
46.07763882707427
44.37542314558853
43.55684481674404
43.673062797643226
44.73179194149238
45.94640990046758
47.29994338042141
48.7460896941784
50.24565152995054
52.53774778768771
54.821988739468644
57.07224057480793
59.27277135476695
61.37729456763609
63.33439029935257
65.83199332880268
68.7504572108172
71.99078418177021
74.97787957815426
77.76063396061477
79.7476420547398
81.08014630844654
81.76367951174154
81.64812373151456
80.68633630750642
79.5013446539993
78.09359756257608
75.85454133001119
72.94013051529757
69.38945409794688
65.9030350557329
62.47975836019658
59.12928765182316
55.8722832659539
52.722967414086085
49.70251320654651
46.77414382850532
44.525553462956196
42.890459240354694
41.85427050825998
41.36056537300912
41.32052148178131
41.86043967821913
43.00840697802995
44.14305196294101
44.54521317957052
45.63679364580571
47.2750049826707
49.502578156687015
51.662747248247754
53.786769380469764
55.14531944893401
56.480139357205346
57.776367293299415
59.05897559235058
60.37123596560523
61.71376385012674
63.1048265729887
63.83486638082504
64.03491120181904
63.84145379878937
63.16520244314907
62.04761840870936
61.034457144944156
60.92956932704048
61.053930667451546
61.388873579286944
61.90499775186521
62.56500196116959
63.31987158440508
64.89014448065863
66.50650567824738
68.1903674561289
69.86318758696655
71.46187355123413
72.94355201179653
74.26207904734339
76.09231428577729
78.29638890954807
80.91558320661302
83.34189374106683
85.75982354963965
87.51423406993881
88.63556485754604
89.09444530256377
88.73567632251314
88.05644229060266
87.08740957567159
85.39571041499843
83.0608531068165
80.69706719278615
78.2947529087448
75.87459404819988
73.46681005811801
71.09823146255832
68.81314907092744
66.63606253507528
64.5715031775388
62.452741327990296
60.99601940578191
60.009976382973036
59.59394344709432
59.674313594676136
60.170915733596985
61.258527407346214
62.41190214347068
63.60867796346753
65.32498010798786
67.50395663164574
69.55176990245718
71.50584463401033
72.69653742663164
73.18799605886348
73.74314688135524
74.37473225115613
75.11508302826975
75.24340536078309
74.81269971359826
73.87791519740635
72.51953274445796
70.8223530330488
68.69377642856388
66.69320590617964
64.87883535142605
63.350408637864874
62.09773936647865
61.13472055301846
60.435887206819764
59.95491533678924
59.649747592348284
60.20858446877978
61.51986287300299
62.79108120356682
63.96559232932458
64.98995657978114
66.5506790924469
68.56464555113558
71.04900957670112
74.04261716214823
76.79505324923143
79.43165692048467
81.40868257695395
82.7574423462889
83.37169586301512
83.11817941799113
82.61341991352079
81.82569866157462
80.19978612256315
77.93301677397727
75.65051607661759
73.35976070835511
71.11292802549531
68.90336728041508
66.79544642736256
64.80628000876887
62.96055617127209
61.14232223264762
59.20449140102152
57.82882133502493
56.986049968042906
56.68998820414809
56.84150260954273
57.43734120750549
58.64625883360089
59.85823180535963
61.13425278630241
63.078551945379104
65.51723410211923
67.85187334653219
70.13818571726227
71.6205247579016
72.38020600073982
72.41046748366456
71.78202524970725
70.54903860600685
68.8077990026251
66.64382522895725
64.12418056544436
61.351815251953035
58.181673604069374
55.203692242306154
52.446022342409606
49.998341496399824
47.840686319434
45.98189569478009
44.377331941747805
42.98827099903814
41.78373534612157
40.721430250601756
40.50286800563784
41.04934408945501
42.29679779127079
44.15833628716369
46.58096174402084
49.48404049409364
52.830832898244275
55.94966223086087
58.737473076353965
61.370139350421944
63.30383959339338
64.54014831483737
64.96228490820252
64.57630681812704
63.23254561512205
61.707879002267994
59.460552853150624
56.53326434304768
53.630492894101245
50.73486016291529
47.92088585303892
45.191407941685746
42.586071832957984
40.07912400542189
37.656079043514914
35.267840684013215
33.51338222058989
32.387410890221524
31.855421949440377
31.87831166773402
32.44489201039078
33.581895689421216
35.26055289815762
37.60030335746483
39.86599673148111
42.62828104628251
45.871970020818466
48.93153631701293
51.86802789005808
54.664275048601546
57.385624666928166
60.03222499354827
62.603692493119205
65.1256325329679
67.62453838370786
70.09530886817699
72.58831421803859
74.39403956189238
75.61942913490034
76.33700900515878
76.54848095401618
76.26807879991493
76.12959526847114
76.08353536440657
76.22168565767964
76.55782959633237
77.09809424644416
77.8080788459245
78.6250547782906
79.50222238904757
80.42197013048134
81.3765138028889
82.34701363762065
83.29119254520572
84.19625082378515
84.97780112566711
86.32082204369557
88.09785059203718
90.27419557541147
92.99316080328462
96.28131580239037
98.80667613638062
100.6946634983996
101.89710482004799
102.34907254254985
101.97838409672909
100.74427948996397
99.25514733093259
97.00394629584595
94.87997604757388
92.75882685396496
90.66583327166586
88.56492248178057
86.48435018139124
84.45472099354105
82.49335986380329
80.62258179908882
78.7788578289621
76.83289684887045
74.77075571231413
73.31160744447716
72.39291061260273
71.98337265887007
72.11958561899824
72.86078428132384
74.2778072005954
75.79146618935502
77.92961252231588
79.83759733888316
81.67210020466038
82.69088084907119
83.00102659857984
83.37798009814405
83.79283075892768
84.23359305575502
84.6900234589176
85.18451781755529
85.73113900907958
86.35291886742247
86.31663391725442
85.67348370389719
84.53236206105892
83.02088996817683
81.07870099159516
78.76323069093273
76.64873615722102
74.67674087020849
72.92633689339219
71.42468649625388
70.90629543259504
71.31002900943787
71.80713313370912
72.40021058426477
73.08032956783217
73.81407594881563
74.57543073801888
75.31615533536373
75.99314142030914
77.3111728309894
79.18459279682175
81.45971954720238
84.04289817599857
86.42650014970664
88.63216081792825
90.18159368185195
91.11067209094834
91.38094041160099
90.89621904847874
89.58057723615478
88.0614245720147
86.34899909456401
83.94269566494312
80.97232177906304
78.0381558590332
75.16293203703924
72.38856655336764
69.6541807779166
67.01600662660725
64.4754533036364
62.06377482408649
59.74135680603653
58.073221407291555
56.995329612424044
56.42897611841332
56.40475237009823
56.86178698564116
57.86172513845335
59.47953366725254
61.10207950183856
62.75737160399432
64.95867078744645
67.58921595471578
70.07624807493815
72.41569685191564
74.59706542578112
76.6964883959836
77.97373570746394
78.50305614598032
79.05114501908025
79.62377305073701
80.2242110750139
80.85502503355302
81.5414204888523
81.54327778792523
80.89148845173338
79.70043310686677
78.08536913578665
76.06589536619698
73.66918952247633
71.51689195020325
69.49258215302639
67.68113431907558
66.11878558275498
64.81416913433702
63.76438101518611
63.64516036798043
64.39181585134607
65.24818022302516
66.19087979897375
67.16609928868031
68.12205192081376
69.01139309126528
70.54975095837096
72.67741164054173
75.26218013187695
78.21073271501912
80.88476441034291
83.32622764027893
84.97879554989795
86.09325171356801
86.57463905858572
86.36901113740267
85.42905377322332
83.69204898078988
81.07646381009187
78.18209335068131
74.5523122015977
70.34268808392346
65.55150933256844
60.891357901972455
56.375317668093096
52.00376377174036
47.787942550017604
43.742303123702165
39.83071071686403
36.65521811625936
34.15472514238038
32.27655722111796
30.902101152231293
30.069528813687377
29.79517508675898
30.095450436488978
31.017352708040175
32.67830004408844
34.48729345376957
36.89064866132712
39.03527094502433
41.77867763629921
44.427772916320805
46.9757540307849
49.46475542524551
51.16257170583541
52.836790722914074
54.4883909040423
56.148585827812596
57.119252187676345
57.48807321844692
57.30973448905272
56.66883207458172
55.60731981777345
54.181171732642916
53.01237284067446
51.916271979231716
50.98313769135993
50.271841483657525
50.52036077613389
50.92462920242116
51.46599633522667
52.111373721014324
52.821711649931984
54.31852998645036
55.79736905491367
57.23590839074401
58.58591016685346
60.523710988188235
62.94196115165689
65.7465390878827
68.88283490005888
71.72476362306385
74.29573864923677
76.10723929822566
77.29888437844755
77.81575911218272
77.60710055718353
76.65596977624178
74.82921599127577
72.16635230840451
69.44772582932357
66.73687356453534
63.41028846809943
60.18671869357583
57.074368557518994
54.074761847677216
51.22582435630848
48.51908013822158
45.97965410636124
43.577065282269686
41.89473425944633
40.849471447069156
40.32497819986641
40.35053308187004
40.889262388322884
41.933654047280264
43.48937629448187
45.68617664985135
48.51285518264047
51.22553170929269
53.790330626044074
56.86768226589914
59.03982964107246
61.119785517954774
63.1368909072388
65.07805465637031
66.95942632402023
68.77503451051368
70.50961069840386
72.16406782700362
73.75060079831613
75.2897647984372
76.8183753068381
78.37268856151866
79.24865336100328
79.52698518327772
79.31894300304
78.7436021840257
77.67268812411851
76.09565129327616
74.61183278464681
74.03208613540414
73.66010965835868
73.4723100172941
73.47730468421386
73.64086381448021
73.94187559713056
74.35782064711054
74.86807569716774
75.44243056093173
76.03059310224955
76.58521484361385
77.04300870741322
78.08629287130054
79.66723185684691
81.7125196332158
83.5725812560396
85.37958976869459
87.10243267274932
88.17207915936275
88.65797732148849
88.44665821384291
87.49508269393577
85.74544017067899
83.19347189576553
80.55085076703413
77.83233651815918
74.42778917101917
70.43952679287521
66.61901939418814
62.93586063838509
59.40157794115314
56.068957620991775
52.87663797584075
49.79049302516601
47.32291184427593
45.450730125760266
44.20343519171056
43.54749248364127
43.34427930205879
43.61604126045642
44.43212189610936
45.83275667017053
47.858369465553615
49.82589717611298
51.744946951480884
54.24782194456867
57.266759637822375
59.31693020651189
61.24994498464083
63.14054258417995
64.99063727891973
66.80202971748844
67.80946798916715
68.84190001712643
69.9171623601632
70.99872843207963
72.07421264170952
73.16589995179544
74.32728298033084
74.8441625997301
74.82349582758211
74.40516296853131
73.50002660991741
72.87054589557951
72.28231573115106
71.84867406520694
72.38974315319305
73.09788301859385
73.91758786348025
74.78905073715792
75.71172291514968
77.43370536897588
79.16311950917348
80.86287942821545
82.54976687500671
84.22742241240952
85.86527835596226
87.38798033386354
89.4856524441339
92.06555677628913
95.02371896666067
97.76449790501245
99.61243563080694
100.87144129983012
101.48654311181456
101.45609949089159
100.77543401649964
99.40803849811317
97.34816114279971
94.55578970894297
91.69688711764037
88.06087149701523
83.80407732095921
79.69463086718432
75.67592194171267
71.75279309455745
67.95263417938058
64.23203757384235
60.590392003861986
57.008225397352064
54.173093340163334
51.99979748340898
50.41901975123635
49.381610824135414
48.82750280782463
48.776015738765565
49.26944340202376
50.343586559437405
52.060215720985774
53.754532124482346
56.129391984803604
59.06062570086762
61.79823279950349
64.40288646255549
66.88724969416327
69.27980589079154
71.66704341482087
74.04054928709296
75.62426245063043
77.18217318976052
78.73948479560917
80.31441586569919
81.90724579853709
83.55774875142473
84.54658181990308
84.95802537866088
84.93491194032075
84.46633112135243
83.57721046240829
82.8265714638957
82.14497987610466
81.59520090845433
81.21614129614284
81.01860021954334
80.96548681076705
81.00640832660021
81.12424604348588
82.07874844730304
83.07346943115736
84.0409223283451
84.95042144149099
85.76480600004518
86.44936768142607
87.69629815239978
89.41363435095494
91.53273245103188
94.16213117678149
97.28399777912423
99.6149546213323
101.32893969988952
102.4012097826458
102.7563642601419
102.30341566410706
101.06023932495869
99.01102385867426
96.85214231414068
93.94276626328174
91.14768412024655
88.46424773739301
85.81687008978038
83.2508249302919
80.75518467812249
78.36273513548149
76.05566755561769
73.76226720192773
71.39209156984506
68.95954306998705
67.1859210806869
65.9836784827291
65.31273328639735
65.2109659822694
65.73018409112854
66.84714147180061
68.60907639511572
70.344171840758
72.70598493209583
74.8700054990138
76.87961408488097
78.82438133776296
80.70979780070162
82.5871313865984
83.70216091939345
84.85432494339344
86.00610718343232
87.14586125173321
88.26894242193481
89.38653548325215
90.5198448689136
91.70809389272337
92.23433863295796
92.22167875849894
91.81680909866382
90.99489045892095
89.71898938702012
88.55641682876592
87.50276799062341
86.66518706733818
86.08053032250857
85.71440634046684
85.48109239389866
86.09871882516218
86.76975670499205
87.4956361110548
88.27085883668467
89.07682271374263
89.88017464687738
90.65316096787262
91.35471812279876
92.69981700265531
94.54562467524882
96.800737924206
98.8248520238074
100.71451208663825
101.95277046733997
102.60905556120147
102.62222571630967
101.95244617866409
100.53770572056673
98.40401268643696
95.54323522964516
92.65108476963233
89.7268823295645
86.79989919768516
83.24259566701966
79.10704936355556
75.11771960602023
71.26528655625471
67.47745245505193
63.796581404521355
60.17232772097096
57.28203046205527
55.041203780379995
53.39268251185482
52.257439128374905
51.599716737147546
51.44312980798174
51.870025504217956
52.89462568109336
54.541069630870595
56.125160051605185
57.656282440239046
59.115911263628334
61.145872240764376
63.77116280417589
66.29614053372492
68.7273401349842
71.123088940237
73.4807585941253
75.05330060513691
75.8424428738753
76.61581491403858
77.38233356183908
78.18685543544542
79.04929263445896
79.98072224250832
80.24386270874926
79.94622752687553
79.21891210098067
78.04230626593778
76.43900496897712
75.05873531090647
73.82338805457641
72.74447438553206
71.80109391860181
71.04195729459248
70.45707082948665
70.00250040093813
70.41517622719975
71.6625972385607
72.96608054400731
74.30395238746887
75.6242453965436
76.88399643534804
78.04183970506759
79.78855698992646
81.99969041810607
84.53976232178998
87.53829028350334
90.36110744503712
92.38678594086197
93.75678865319169
94.44404202971388
94.51334809854455
93.94234703804224
92.65088336239269
90.61348811779636
87.76711134135114
84.83614055459763
81.19252636482516
76.95632419738547
72.1460598205013
67.50784280292436
63.0408511106084
58.714802617918764
54.53155050977536
50.514973171650986
46.56750509119235
43.32561445110131
40.772674677746394
38.840736274469364
37.486983632698184
36.64070488237453
36.29159474843473
36.54873663458562
37.44534622374016
39.04460363566101
40.630716650981654
42.85844954268521
45.62982341645244
48.94240860109875
52.09188413840479
55.080065969493546
57.97400722959532
60.80035775980235
63.53815158288246
66.1963377063778
68.80416210109162
71.34371133742405
73.79703770796174
76.18009292464295
78.50431625518512
80.77602742351631
83.00843940738052
84.50890987667977
85.41293688112216
85.85535726087288
85.88390691898603
86.10139938107713
86.4498983783949
86.78200030325607
87.21114375590427
87.79241312045593
88.51315494341432
89.38272434528513
90.36119112875832
91.39953015892418
92.49850515178707
93.66520884221116
94.87877931639919
96.0950879675459
97.29327107048348
98.43775135457626
100.22706702822177
102.50791917951732
105.1387126526476
108.14435317370896
110.29343027682599
111.64825820758003
112.39879244152496
112.49439280937167
111.9505596237537
110.81989154469466
109.01503434396777
106.48952570574565
103.18246980898428
99.82631662792714
95.78047531093104
91.85635136784944
88.08016421142206
84.3637466538044
80.7347298896329
77.16558612984265
73.70970640213754
70.38421583943477
67.13354505417999
64.57577550627418
62.68446438334928
61.3975794724425
60.65672783727884
60.39677462268026
60.56952950928961
61.27226147524502
62.585333600069994
64.5894573476262
66.57238481785181
69.19150694599334
70.90405324832362
71.74292361556758
71.81620084841842
71.84450183129753
71.9038331448839
71.9771793282652
72.06003647783461
72.16190853550495
72.27170242017874
72.38701022513908
72.52881953525996
72.73308683974382
73.0199708190999
72.645243554484
71.65134625938308
70.14215072600426
68.2498927082422
65.95257497379728
63.256290470986784
61.52494792643501
60.61062447808272
60.604466113739555
60.83089599344538
61.25871853300462
61.866951167223974
62.61976337005412
63.46907553443526
64.41293834834903
65.43901943491866
66.49056214024307
67.51073293394057
68.45863017113665
70.07029734631585
72.3174223530837
75.08481893097573
78.32699829102107
81.34906130820163
84.18057945825628
86.23072346011055
87.66427225432989
88.41577780139916
88.317357177936
87.35113474859301
85.55626507505951
82.97664118212951
80.09530383699041
76.46913549124979
72.2714792718227
67.51147298782843
62.92059514804142
58.4268538303754
54.033313653723205
49.72617426538067
45.50205060847326
41.283388669426074
37.78353283718875
34.96531637233717
32.80039736595936
31.239641762071518
30.23983223115131
29.910136257554086
30.26824188794591
31.276421643343777
32.93340739506201
34.77530015882473
37.26227426375609
40.2354004743641
43.71371800270982
46.99429312093292
50.16239217448827
53.25265714499916
56.263177934188185
59.20647969767121
62.081156577593916
64.90101787546432
67.68647553819949
70.45170066957208
72.47741089468103
73.8250531854012
74.6020749396275
74.86640576177365
74.66400863120074
73.90620058653968
73.18531804626154
72.58794050696332
72.19854599561539
72.01468232971597
72.03071603904418
72.22262545011006
72.53986068567043
72.96289047740073
73.46644803637457
74.00851959658883
74.54952970315121
75.07191019928618
75.52108529582911
76.58429603650909
78.16932708243382
80.14799275074877
82.5362227748318
84.72270294175475
86.82068506506346
88.33006672548747
89.20928732251997
89.46278599493535
89.05945145881783
87.90258383647438
85.89606217615206
83.68986072781892
81.33969950553788
78.89212827241379
75.8379366094059
72.15588486857996
68.5445559776994
65.0144852868245
61.608309310454935
58.34021916775333
55.230826070374235
52.21862451000981
49.869036604883135
48.15933163433507
46.994668451809254
46.355460948879816
46.185627068127154
46.530303031731876
47.479468237464076
49.133538913240685
50.82927588022935
52.49737019679899
54.0857427079449
56.14651271778597
58.7820439373604
61.3359154345899
63.85402519194681
66.3221101267719
68.74441472151383
70.37127923316476
71.24551519246954
72.18748644635225
73.17547680468812
74.21646239139892
74.57332336344479
74.31191960398917
73.52560301791449
72.34934395957633
71.42154328134245
70.03533971378735
68.80319092324895
67.74409674693082
66.95067210255182
66.37468983858842
65.99363528753616
65.76328483979582
65.64856173843816
65.64318863590078
66.4802338582022
68.07702954707084
69.60069351272587
71.03985154457318
72.36626055857016
74.25669315483533
76.59866545951843
79.262020095328
82.27932935529618
84.38913212998175
86.39910399840338
87.76742865557408
88.53142540541177
88.7352622380211
88.32926062067855
87.16654264341918
85.16960949175218
82.95411863790292
80.62553415582059
77.64421514568537
74.06043330034433
69.84226853575609
65.75432026329109
61.789548466728114
57.97927042478923
54.343678371478504
50.91953628945832
47.543276849862536
44.85532926880665
42.78730525748912
41.295014638138774
40.35651554110222
39.83328442463926
39.777488057075495
40.30318101233678
41.50232264722418
42.81194879240465
43.385108842332066
43.802938082856826
44.79872104785296
46.449618704519054
48.041856340457635
49.60287466449586
51.15766661086375
51.97052346431487
52.062879619666795
52.19965360322167
52.37136832382743
52.590221506064964
52.89374639729421
52.55325271294348
51.6196174186046
50.159145746895945
48.30557095642782
46.079249435354505
43.50250631406851
41.91488587143987
41.16529631738783
40.61902174562875
40.289955814370295
40.1446825461238
40.19811351889574
40.38929569598289
41.42860968800791
43.265012114769135
45.107543812659884
46.942138161090526
48.740038194219835
50.44455094802582
52.76184115124546
55.615487708295106
58.88500110841119
62.41477588844715
66.28302823410087
69.87413578773982
72.67414038511724
74.88691504969451
76.37347662617253
77.12685636715648
77.09896531436506
76.20274587061607
75.07817111865485
73.76051272491391
71.77081842732836
69.16893703956339
66.63587029491401
64.14761010299661
61.6536035301391
59.18255564202697
56.7683510251949
54.463481272044326
52.28858549312315
50.12949953067877
48.57645413048315
47.5697234998458
47.040439472632315
47.010903339979485
47.47087576665856
48.46860261919852
50.07859028274414
51.704351998063636
52.59088664277714
53.255857951942076
54.48060207851544
55.65275865199823
56.81828239016485
58.024517866233296
58.506754146637014
58.29461651870018
58.14589442971778
58.05312651789268
58.040679869242375
58.135939879292614
58.37614181872002
58.036155910726286
57.23456419945861
56.064777880011675
55.18524438740741
53.82665032458535
52.55156233171141
52.216222566560496
52.82587567014152
53.60841362117641
54.526468242846036
55.53385024492674
56.61520461606758
58.505269891210204
61.124952711158095
63.6812437229329
66.17846815406494
68.5820132880754
70.83054100121431
72.86472894654912
75.36014809783624
78.1836372755136
81.31752957552962
83.5085528111301
85.60527875952434
87.18898420141456
88.09826816886985
88.40186740217686
87.96960245383572
86.73818543134989
85.32755527001598
83.64921502861166
81.89095850210937
79.52371128309989
76.55435529338648
73.64597738087305
70.79601860959993
67.98453234173567
65.25317733738027
62.636720416531595
60.187784569028246
57.79559573853459
56.05824620753457
54.909559638064714
54.20513591381767
54.00932828676972
54.21265572952398
54.91550926640079
56.18433625569728
57.42573398770838
58.77173122177316
59.30228578244116
59.61431761483149
60.512777997394586
61.39130973887607
62.29816088562881
63.26887339141677
63.51509249701704
63.07858337353463
62.71181664187342
62.43171741042588
62.2526647624853
62.20039469027265
61.554004504818344
60.42655037051048
58.96210492760821
57.80238979445763
56.207555860494004
54.70989922339693
53.37784422082427
53.042847808174706
53.67609078119893
54.50652737858917
55.44762547308591
56.446652954144156
57.497378368045304
59.35080284792166
61.9111100489937
64.38865589217991
66.758140467815
69.01513797984101
71.08560062506822
73.64754549556197
76.57048293313447
79.79952023015899
82.09254622098292
84.26425272111803
85.9588289447967
86.97981857358998
87.3547889349621
87.01653939966998
85.8349455405825
84.40613411155843
82.7993223295556
80.50744787588584
78.28603770972119
76.12127069719591
73.96483148950377
71.79019298179601
69.62204145075923
67.50161288341091
65.48017736873828
63.57295947060286
61.69915544309923
60.459428483285
59.7882571824618
59.527833821829724
59.80267313178428
60.514852353333076
61.73263581808526
63.56465401373103
64.71002580783484
65.89477740561432
67.63373344348773
69.1729647330076
70.60803001001379
72.01474689069703
73.42891141278547
74.80680202315234
76.17119936917634
77.52266302714446
78.85692311235405
80.19567361901639
81.53060422688665
82.86208499816344
84.22816567790873
84.9056905823366
84.97803869468969
84.55849456401306
83.7363249945724
83.75213025664853
83.9464631772284
84.16596369264012
84.51045727512667
85.01956756436621
85.67475295467712
86.50294292036267
87.48521503656967
88.56288924446197
89.70947959956438
90.90359200290474
92.11038655839462
93.31624726030846
94.49019251389734
95.58357282026218
97.27927361405355
99.43667786710571
101.91180935131388
104.66539160942224
107.33849954225036
109.18176311917995
110.53415831156792
111.24143862856691
111.29572490451731
110.67751877284603
109.28112692677726
107.7590252008525
106.02116804043818
103.54353798204912
101.19260945100827
98.18032683912168
95.19445045462462
92.22407504168537
89.27079296338228
86.38799121486284
83.6127299347186
80.9970945485104
78.50595919492082
76.01726443440182
74.17786327598982
72.81935139605953
71.98890225038959
71.63491331256111
71.76969877306571
72.47958561393753
73.14018677208006
73.88691904874102
75.26572867446156
75.67310661916247
76.70085689037636
77.70848540985449
78.7491517767755
79.83056062418933
80.20429007435992
79.9087533467647
78.93773170697095
78.06112658886804
77.26716795172332
76.59174305028918
75.30805434107918
73.5043790564329
71.30543445018779
68.8052405704004
66.58569856911538
63.96407507534834
61.495921321270984
59.22815893872843
58.000987113696546
57.036780296563826
56.308882867756644
55.762185405121656
55.35247171359016
55.79795140417802
57.040754840151436
59.02721964307866
60.95322984229221
62.79919888265424
64.50764534724169
66.78013666183801
69.50316882032978
72.52009358228263
75.84762239050188
78.31463407606718
80.64588193804123
82.40665228959571
83.46398793168059
83.87127865202596
83.5814689480062
82.44679226371557
81.09259769572246
78.84434478746226
75.87418193691514
72.30673097032609
68.74873097881496
65.22848639436158
61.780715318683654
58.394412124231344
55.1036155372138
51.9628587755608
49.018939757926454
46.163049598363244
43.98566291069023
42.439755832329546
41.39439831750746
40.92396424347033
40.902845369858994
41.3683601010774
42.4633975995332
43.592013584888264
45.477258201768606
47.92568838802434
50.83085743127327
53.61674109919396
56.32528294347057
58.982257445742164
61.63128071364461
64.26774264512424
66.11680267754691
67.18348303797707
68.24250122647659
69.28970598585867
70.32791469852994
71.3768718423499
72.48877856256344
72.9344978812813
72.82006865671066
72.25292883213463
71.31152635599722
70.48514586101552
69.82685719396636
69.2598761366491
68.90225662815931
68.73674002615071
68.74750449276932
68.90369785489746
69.1351743377882
70.17852502972468
71.99517426859911
73.80203416465076
75.59245667222835
77.35186925639955
79.07902982523953
80.74428068375761
83.09105818108458
86.03945800935517
88.78768520118206
92.01693974863922
95.20729066626393
97.61338305314813
99.34207703957128
100.28404541985907
100.40607963520351
99.67042331103589
98.12703180180745
95.87057521962889
93.3053880942176
90.62423131987896
87.29541363439051
83.45667318707584
79.01136560714232
74.72717472278252
70.54010839532906
66.43497802154529
62.35973417418569
58.98359469986234
55.53585804149515
52.04818132850041
49.2568567047461
47.13550865766601
45.67296837290756
44.873151462552435
44.746192845793125
45.274023005520256
46.422908702621406
47.8260205681903
49.31077529780319
51.407768972438
54.020310164861485
57.297097669357015
59.70205767437508
62.0579710667661
64.35189450659239
66.62393781281271
68.91372736675471
71.21658512388518
73.5015576196308
75.74246302919029
77.97284253907223
79.4733400250193
80.27593178021732
80.48292156426484
80.12710842029908
79.30161187892094
78.04252162599803
77.03999387800732
76.18186735357267
75.43013205110701
74.78012718019782
74.99594385972738
75.30189097211651
75.69346729141091
76.1364641937615
76.59613708957184
77.06807043853921
77.56331216484341
78.07441485783059
78.57608893590846
79.7939325466155
81.70010478546534
84.21158772085964
87.33004372166181
90.9796898395663
94.39072189492076
96.94198039429291
98.8247957543919
100.02889909173878
100.49322328429001
100.1611771696874
99.02623650639694
97.12272757618238
94.51420679098862
91.12617150513283
87.7958387742882
84.55941544749432
81.43355594032418
78.35096651480939
75.33753119849428
72.39439037594788
69.4906662603417
66.57206479486311
63.62901774614408
61.37350420468422
59.73241921693081
58.63246224914316
58.09673683375739
58.16857505364986
58.89554587808841
60.3013157976037
62.35473208917105
65.01923511010786
68.38649115778526
71.64120467368568
74.73781256918384
77.66707601009267
80.47543463170655
83.12436307856329
85.61856781792581
87.98279640180621
90.24385098772345
92.42095643999207
94.56628754365083
96.68146700898811
98.76168023851596
100.80164335286521
102.78631917133593
104.70962551701375
106.55835799893923
108.373648937297
109.4339843753185
109.80488333897718
109.5652842512
108.84475733706127
107.63951539171576
106.70192515063918
105.9215403902776
105.18338231010878
104.58662214780686
104.17581032368116
103.9330573876862
103.80918805504166
103.78184442141519
103.81702733393035
103.90466502316566
104.04485472461569
104.20862055018388
104.38707392302268
104.54536858477745
105.40677691349539
106.89564176793886
108.8916592297978
111.26669271589901
114.05254969092262
116.60673104542894
118.36249101991437
119.50791274486882
120.01684357716115
119.8761934144245
119.06100748789461
117.54079802974157
115.30184453279242
112.31512016613519
109.23015301752265
105.39632402611915
101.03238988672251
96.81384792047507
92.75948240125463
88.86565677490161
85.06943319776342
81.38507848052559
77.84384621158881
74.42899906471777
71.05656875052384
68.42542021850298
66.4678284204785
65.10112788564254
64.28168468673682
64.01677155925681
64.32902293095506
65.25839140170199
66.87352342339716
68.56052997863777
70.96365262937387
73.88852629917767
76.66233511744805
79.24959969842124
81.65822185585009
83.96131069220378
86.19165379463348
88.33300506911166
90.37752437811933
92.31215873018435
94.14334206630036
95.87906055497542
97.5295801070051
99.09647490338327
100.58138500273297
102.0250840462914
103.45997574554615
104.8920160197083
106.29327726738761
107.66887049612194
109.03110568533934
110.42086197282316
111.90716035901886
112.76499402509528
113.08524150513198
112.9537420391958
112.28413572079448
111.77599590381581
111.3603868590336
110.99757043811455
110.80912457386106
110.7799991208023
110.89768230934025
111.15507651950936
111.50422339598198
111.89636068048766
112.31872951351045
112.76196487148609
113.21960029740096
113.67677984163608
114.08005409525042
114.35647101548228
115.20967000557967
116.59028392326256
118.46935597169359
120.21335662254087
121.20481879704658
121.6046082876008
121.45277156575091
120.65398277739514
119.1667998453285
116.94575993951541
113.93323987031185
110.817921020074
107.62563597629516
103.80596194853227
99.40505587881252
94.44503120531387
89.63923017217218
84.95059566052296
80.41196184488636
76.01825703147901
71.73847397682815
67.52111364999618
64.07612434023177
61.3251259883997
59.17273848638991
57.61151022337864
56.589964415562044
56.14398959036205
56.332964397467514
57.22789735760594
58.17034234784266
59.148963030911474
60.737512796460265
62.17873202080591
63.49136522272658
64.6569264561052
65.7906849273531
66.91569172273039
68.05107846423832
69.20272996836582
70.34466687713083
71.47778514714068
72.5992570233387
73.7116463205991
74.82323261001788
75.9428510566971
77.08401526557665
78.25933903325372
78.7587225509397
78.67067719350506
78.08279277987232
77.06684197126043
76.30551748569482
76.4224265827837
76.60138693442109
76.84048387366373
77.20935429549259
77.71714161572541
78.33612885556417
79.0585604341688
79.86127813682774
80.69740086580538
81.57172658293327
82.45605628714505
83.35183373997732
84.25394103293851
85.12348263688146
86.64806529876175
88.7113689475708
91.25126590515701
93.51314733624572
95.62445978880758
96.98176261149949
97.76471849535926
97.94568413857786
97.40446863689449
96.12747080150075
94.13809800529108
91.45558868338901
88.06308912828268
84.7273977261123
81.38656835548849
77.84687448528912
74.31631075176297
70.18178617413427
65.53884060609437
60.335062497920354
55.30629367541446
50.41094660960247
46.33797297207074
42.98667168183372
40.32145328264395
38.30022105321574
36.87909489234361
36.07842506929782
35.90251921577739
36.32851381271505
37.344548263293255
39.00056466060278
40.58369203514608
42.16217633916578
43.94879956299009
45.72249710314329
48.098151273518305
50.99731455434138
54.487696769949444
57.87071310947242
61.156644326640915
64.30155908356762
67.33526593154949
70.25114959293396
73.05026601040042
75.76478467824884
78.37420869763538
80.90542468811877
83.40061989877856
85.14309194410225
86.19678403224337
86.64635975679467
86.58422432179368
86.07993576084664
85.12088677571033
84.25627257980803
83.3948169414363
82.63197337886211
82.00968899483883
81.55864147769142
81.31062248883408
81.23496572777988
81.29323447955854
81.45242783007596
81.66422169139005
81.93059383917694
82.20013982154829
82.4161015786907
83.2944426966323
84.77163124855315
86.74690678805234
89.08930460157922
91.73816640607917
94.80577100149551
97.7705855699083
100.11561021119554
101.81613190796135
102.7973564591418
103.11942232545158
102.67980320018899
101.42684376145
100.0355597602011
98.45111571642872
96.11535352348513
93.1362791991528
90.27105290262634
87.50428028509312
84.78272276615235
82.13653936673572
79.55999214131572
77.09630482962521
74.73748109456406
72.38165990976461
69.99929405293757
68.20165401702238
66.92298418595142
66.1855954223499
65.90444055393559
66.17749500815182
67.1061768765561
68.06153048959418
68.35890751088535
69.33186478374664
70.86212220334046
72.24779884782593
73.55374467021214
74.85094151076414
76.13554444277187
77.44536588296552
78.7669039784591
80.09009239915481
81.4237383682737
82.78193090688737
84.17977898719694
85.62525054095738
87.13054828348099
88.71813537833462
89.69550168262825
90.140248151687
90.13753741408976
90.92617644227805
91.12846002491551
91.34132704383885
91.70965700814254
92.21002504527827
92.8530739805738
93.61238724564328
94.45024994301134
95.3420605111789
96.28092458049935
97.24625400552341
98.19941040870786
99.13700762831193
100.04044482348492
100.85802749860454
101.5354636454276
102.74818592184502
104.41811087856495
105.82732334020416
106.59060079821722
107.46184308928561
107.80006742444917
107.47316768388707
106.48270461972295
104.7463116760532
102.87058736444544
100.73441250975665
98.58230199227856
96.52212997837778
94.48582950496362
92.48025158827663
90.40463579276746
88.28592452606308
86.17574719402302
84.11833324024754
82.12289814505813
80.15738911739572
78.83618980423182
78.08119739204794
77.78438284150484
78.00440976970681
78.70130494533159
79.87478737350295
81.59241061340212
83.25572296043072
84.27053561292742
84.45846829302425
84.50740324287801
84.52269524223688
84.51842213933688
84.59441900408027
84.00251896767898
82.74817791060062
81.58053118831644
80.5017923544326
79.55269206526911
78.77686493080165
77.43468744204915
75.59538115932313
73.36600999082938
70.84355457607835
68.03646015568245
64.80047724716924
61.700907962481864
59.634225740956275
58.60232720284818
57.79691300680461
57.19739920429847
56.771741963468195
56.47256290298847
57.00375296936795
58.32455590684574
59.64982588138531
60.96832533107303
62.22910349487174
63.37726960326781
65.11099981040513
67.33703933105954
69.929520052602
72.89452017396749
75.5814228019096
78.19619541126886
80.26757660204464
81.59115856381017
82.18298205245627
82.02777987481068
81.00016999763766
79.6994740137968
77.58859881178864
74.86539941265075
71.48900946319674
68.12414934562037
64.8231495323948
61.56811153683804
58.36781812322653
55.25789822061123
52.25928369246966
49.39318980371359
46.54066056825535
44.33751761300247
42.713716774912974
41.55586606750725
40.916315404839196
40.71825834504949
41.0082015316161
41.94010875386431
42.97297596440426
43.95958684875527
44.76614017601808
46.25549760648747
47.77265828579946
49.256134830549094
49.99509971400463
50.03279730071147
49.38886002924416
48.80485901534363
48.28128385375164
47.84771485056689
47.54660995995058
47.41473459570893
46.779210628062884
45.73337856900375
44.40764979310759
43.27757246164605
42.32629703879758
41.40359332475836
41.407053984171746
42.323615375836326
43.34502315649288
44.475010597843784
45.69288662684344
47.7059953682244
50.465245713025276
53.92186283647038
57.295434721249734
60.58021634105309
63.73867784206393
66.71948185471031
69.4766839541388
72.68621872456463
76.27126711846397
80.2209898306294
83.34407474014961
85.69015762185757
87.50220711871798
88.62888291717486
89.04535283702
88.67975584856887
87.50361885416723
85.49464298350067
83.32681619735092
81.0270794577792
78.061164047062
75.24988351212053
71.84727004756688
68.53818893922653
65.28261851466024
62.10271033196263
59.00774110714196
55.99622866580641
52.96757272852808
50.6174755312636
48.89314315847015
47.665020231572186
46.91343537454435
46.661784818955496
46.97669368574208
47.868798258919924
49.40432435106263
50.96414255966361
52.52607055179897
54.64595263551356
56.56549702654147
59.07927948305879
61.521396599624666
63.20151359895541
64.15025130348238
64.39732100314194
64.7057444115489
65.0638389358545
65.49990243754777
66.02722296746185
66.68142245730672
66.74156972889692
66.27200926182351
65.43264417410025
64.2229139442758
62.61752142368562
61.140469111829134
59.80265881773545
58.705668450200825
57.823758769089046
57.142359740632315
56.635204021993054
57.02552412998286
58.250808773199665
60.261063809948574
62.234035062411486
64.15545513135146
65.99317795478309
67.71557375072877
69.28282052386697
71.38585316231014
73.93034282019656
76.78475038479158
80.07960977127814
83.14541207693892
85.53283852269733
87.31302645009998
88.3889588648322
88.73712063792298
88.26348834829496
86.8559044182506
85.13090039617758
83.29685718383718
80.8204806371172
77.7287886466037
74.70709176004637
71.72624143114975
68.7704983948089
65.85327855308266
63.03481070365118
60.3221870781685
57.68551336654076
55.02405193564001
53.01890057299379
51.57931253133415
50.650469612802546
50.22825169190273
50.29988709169016
50.94070523911188
52.3207333860704
53.102518302048054
53.115371311976084
53.69841726964519
54.89125247048075
56.04437501152281
57.19499029606662
58.38638358816152
58.906583940975246
58.72700711911513
58.619971467635736
58.58241123459044
58.618660484525115
58.771403790336905
59.077600677686235
58.80828815627113
58.071497737311
57.00485018763327
56.13724188212286
54.77043827175635
54.18625813853738
54.526181973486004
55.0645962221716
55.76153608909833
56.611842909588944
57.570827421327664
58.594291369411145
60.3816874808813
62.898047564278784
65.3443591851688
67.70670309184754
69.96523382353787
72.07538659077329
73.98610917977571
76.36433908932459
79.15595320967017
82.35606880655871
84.71786551021079
87.02168856241029
88.79690194469019
89.83074699262642
90.10041643287374
89.59369844503014
88.89746548450356
87.93934146182784
86.2331907035145
84.59375907767378
82.92745412055788
81.23201195682445
79.50620845838485
77.75954052430104
76.02413410973932
74.30723429702627
72.66966955249362
71.05402998985846
69.35156564215134
68.28756666465814
67.75019250265488
67.66991129699089
68.11169249905673
69.03540879145031
70.47588592297038
71.85518824538208
72.5540425071408
73.08636498039576
73.47783684506676
73.88325547354312
74.3510864838331
74.18768992173919
73.38997973329357
71.94589146936761
70.62041629754917
69.40038869051637
68.3254898294998
67.44218928797609
66.01324567157857
64.16767565708541
62.0126513171514
60.13892555128417
57.841599609546606
55.66622126450767
53.7055581426231
52.77279713569471
52.84241663369909
53.103140324849825
53.48856222922488
53.94472100114109
55.16601886502503
57.13285187544931
59.809705160992756
62.40360190783155
64.88446957541102
67.20655430640937
69.30495746447419
71.89159025205359
74.84548599885821
78.1436245637893
80.58851881425358
82.9413536636389
84.73130392897615
85.86081591639001
86.24547679061683
85.79465680398313
84.38546467058718
82.78826271414046
80.48988614676985
77.51796744662789
74.50896357502874
71.54393227659519
68.58371552321306
65.67278097703823
62.826329289076426
60.093790644879824
57.480157589291345
54.9732655259784
52.48610187033724
50.61471835621008
49.311030180384044
48.50617051531102
48.186844187153426
48.3723273820274
49.17912670746614
49.98339463064334
50.08489413971002
50.05649675731389
50.66224641976106
51.27930528762893
51.87405786894751
52.50488802160991
53.15915284598938
53.856331697205384
54.55449064031823
55.27106081188339
56.038872515549826
56.8996255310738
57.13345961612512
56.818468527825885
56.06933561434471
54.93758181291652
53.344914202311635
51.97830457857883
51.43301234242054
51.808217729828336
53.098665458628325
54.54961481294225
56.16063635668943
57.855681005638395
59.62376879044441
61.443011394091265
63.25609887480702
65.0507856385939
66.79948221081749
68.46308183183392
69.97697496278596
72.05166274132509
74.56723798673539
77.43487432490583
80.03300329855934
82.47979861564495
84.19468746013784
85.30705818136187
85.79360962787973
85.55409019704788
84.47337013842575
83.1110984947126
80.84496950888452
78.65611216911877
76.52590147173048
74.34587384766066
72.15970861207877
69.9618601544792
67.77747487272937
65.62476337636492
63.532713670063
61.53614502290038
59.58688989896942
58.27038664543966
57.532744473211444
57.28123075063391
57.53123508340566
58.17932445878431
59.30806940734991
61.01484498920287
62.016404234354574
62.99511239282644
63.783494280993985
64.4738349949163
65.21969108612052
65.9902844687861
66.83364330116399
66.97331559983482
67.1663696322957
67.40097021823216
67.71504093192407
68.15778146114413
67.9897947496673
67.31339697370151
66.26129688676315
64.82492823837185
63.019664940698725
61.3447227401283
59.8259980615534
59.29852327237149
59.75846678857091
60.4307717471002
61.249100956036976
62.159846462154626
63.14492879472039
64.1688966463275
65.96306021475809
67.74811719078228
69.4903539200146
71.14597551257275
72.65176444926878
74.70794760893789
77.17334304152736
79.95150043259011
82.47451809928974
84.8240279679391
86.66595860290987
87.79590504526259
88.2542120922126
87.96223223511221
87.45254012160777
86.55722287788386
84.81298314299266
82.42398640544516
79.3312196090852
76.239857491359
73.16534715881019
70.11371813475407
67.09424154583736
64.1536600972297
61.316836373439806
58.628081923083634
56.04244516882468
54.123640351307074
52.77163352644649
51.813384313428244
51.43614709154919
51.512624680954715
52.131981243291776
52.75025602338801
53.52104971215372
54.947130327152024
56.86152982817474
59.38323981333591
61.84793481925404
64.25866232014452
66.65964000248151
68.28927389481194
69.89866753294288
71.50463007214584
73.1401443866029
74.82692234083179
75.84722012222876
76.3148726884326
76.36830980034071
75.96457958454269
75.12324029385621
74.36161873645305
73.7110286627266
73.29919698389959
73.1224837262438
73.18009381720971
73.40141276042014
73.74128889622607
74.1963034285182
74.72128358804788
76.05337338809413
77.40091623627082
78.71763323975044
79.96694581200526
81.1020128493696
82.8362158487828
84.98375880232079
87.50112795109345
89.83083630639435
92.00527744744129
93.638188392937
94.60558389428547
94.90507945599303
94.51718328670312
93.33661884923065
91.22468014840133
88.64342877091404
85.91411065934936
82.60534588012432
78.75770582122986
74.98534715263622
71.30548410092688
67.65142767624054
64.07890670117413
60.59679989622769
57.26975269834148
54.000276644908055
51.39634436773301
49.40061379270488
47.90612621714102
47.00792772655809
45.854810743397536
44.50027795294977
43.79967255260694
43.89239695521483
44.3300781171803
44.830708636902294
45.88380374730547
47.48291372872929
49.033642198498825
50.53928910817916
52.08578984827248
53.6325005783578
55.16852891355479
56.70166482848798
58.26285951597071
59.88585736783351
60.85889255684083
61.231416614017185
61.102438980769925
61.25978024086301
61.70477554869675
62.29860643193523
62.93749750532464
63.681461518883395
64.56806683462071
65.59419271758179
66.75475613081134
68.01595233657756
69.34759548655406
70.72634380161897
72.13516947845486
73.5539595442376
74.95102912909037
76.28986161729415
77.5146530502713
79.29763845685446
81.5220839615378
84.10048586866286
87.06675211884205
89.79148559226495
91.70571676661424
93.02345130928063
93.71785137362448
93.72955752927518
92.97484086779089
91.36329299838314
89.52564260579031
86.843272459735
83.50525758832188
80.27777916755717
77.10692288980694
73.99747998424658
70.92120475659146
67.91986797591461
65.01454649418255
62.25131862257857
59.61827344533226
57.026170494657
55.06749110014114
53.68823186317736
52.81055868194195
52.42687362609287
52.528593297807085
53.164992998509874
54.45381567717097
55.06203886431154
55.646315941112086
56.84355453289188
57.92976514867599
59.00104143779971
60.07439215015592
60.468836223897526
60.193073603965416
59.28964173285368
57.76938547548144
56.365466659140914
55.108208330618766
54.04663898320634
52.47255656788728
50.40524359797674
48.02780080903338
45.27577193900206
42.17561362251893
39.27015366698058
37.264053487169896
36.25722983832519
35.46115967560515
34.862378771258456
34.43797730753895
34.16045916990587
34.71294998255657
36.0470110341245
38.08375765772814
40.78019300530503
43.38463819597303
45.863439690461455
48.16359758239427
50.97307095198009
54.22772174919725
57.74890203627183
61.00053052578145
64.06772628490903
66.44682091880054
68.25705011572575
69.35244754775488
69.74685177792692
69.34563315408467
68.00255192074432
66.37564942563381
64.00579929818991
61.732588706985375
58.7986370858203
55.88806048175038
53.00218473559019
50.16126677628671
47.36793166241104
44.67224718030332
42.09796547966866
39.6314849201965
37.87268426778373
36.71812893109435
36.09875307449413
35.92253725675987
36.23843501205391
36.99742113615674
38.30262911358288
40.328745038768474
41.70466593024616
42.9382764816779
43.99930979310741
45.70391638969614
47.3988526089254
49.082796755173305
50.76105045369477
51.69924217849675
52.65651493616682
53.641955411806414
54.65282618489932
55.76142262488845
56.237752626726
56.17869588899792
55.696303376023764
54.76404731763121
53.45077041124074
52.27167216352766
51.177021308539494
51.01323038062215
51.796843369706885
52.7391733531994
53.81694380679309
54.98367271409947
56.2144443486887
57.48959141159636
59.50611389066185
61.46816748130775
63.35236555561521
65.14223121605471
66.73955817227929
68.85778888132795
71.35239257021016
74.13081576821614
76.65419210229965
78.96108283317778
80.70364382291784
81.81872605131872
82.30092624000113
82.09234812993536
81.08780003184745
79.842241311101
78.29991771988328
76.03953475693517
73.85371912153377
71.70273900335395
69.55256053888552
67.41675657380881
65.33547479594104
63.33659567613974
61.4369204361106
59.68093556005428
58.042037807998106
57.080396556637915
56.702488570617824
56.72077295181818
57.248931433332906
58.19888882553402
59.60791396438496
61.562659425257294
63.52089181505671
65.5752403006529
68.1769174410039
70.54425695060317
72.76808109973227
74.91578528873914
76.2791777343084
76.89642911994953
77.55553706301747
78.2297531271685
78.90700452570108
79.60188467854076
80.34421613467478
81.16605801582942
81.34041230636197
80.89014868608139
