20.28624975619803
20.18297370651952
20.065366876145667
19.82254359146445
19.554918609956218
19.195034846345905
18.78622586783273
18.26977783811841
17.686692013561036
16.981127024293535
16.178632823362985
15.249690433884366
14.211696275539957
13.045435231492226
11.792680859287719
10.474173349651888
9.111228064422594
7.728377114371402
6.325590331883274
4.91498376288538
3.501997088890988
2.0847755912096266
0.6668676746963379
-0.7591016646721697
-2.1892164614301577
-3.615377360961912
-5.041435996172756
-6.446114363921923
-7.837370109323024
-9.224183887417906
-10.616954620417609
-12.045680649587446
-13.515103349356243
-15.065618543005874
-16.70462645307584
-18.45879891567415
-20.325603142840254
-22.313428630724218
-24.408513205110665
-26.612940985214216
-28.898354433707173
-31.264302769087063
-33.68597578944807
-36.1427528187692
-38.6089253053747
-41.037776419685464
-43.40547887372939
-45.652856138705516
-47.76068599276481
-49.67492970041236
-51.41633304953162
-52.89860950874582
-54.15643683172449
-55.12018620995065
-55.841307371612935
-56.27131283237136
-56.45331800432531
-56.34926071414987
-55.99522163134098
-55.368697195999964
-54.525158337715
-53.44696069212573
-52.19201478561963
-50.76071924725558
-49.18911777170403
-47.49541303977448
-45.688814728053245
-43.756610814131434
-41.712091825892216
-39.535192951252434
-37.213576051463555
-34.76817948294862
-32.182506877303446
-29.482007345768675
-26.65671780790536
-23.74190393277055
-20.730911365283173
-17.67142243495921
-14.591529183843043
-11.528115163999077
-8.490456458369286
-5.519133782980691
-2.627527728908769
0.16329847932554903
2.8405020301222574
5.384057992081167
7.759371346359842
9.94894800958089
11.93303483224571
13.706499217428266
15.27405308634988
16.620982083329363
17.787880691704075
18.73497203784877
19.55299741214157
20.155099120540882
20.674579704143405
20.992987122156755
21.268757513233847
21.378697701744116
21.475243331068533
