100.79195675953322
100.42083239941064
100.05685965162361
99.08538259697067
98.08388886952143
96.54785651114621
94.94416936760403
92.84924164210778
90.64733129887527
88.01201682222687
85.23897742415404
82.02643134464918
78.60756062447453
74.7508804769878
70.63582767437646
66.17449256536283
61.507509836344006
56.65418962302389
51.62913498240967
46.45517133672345
41.12393036736592
35.627326291953366
29.96373927555478
24.146070016409407
18.193777562249565
12.132490551251205
5.9857762764557005
-0.24581634608713473
-6.5387369319994715
-12.88596718423727
-19.297823133374273
-25.729751713756787
-32.12948464814695
-38.43146039659825
-44.63420274805804
-50.773874516124174
-56.87642396203088
-62.92550245123928
-68.91497819722747
-74.76683235751867
-80.42773175685484
-85.77691763715515
-90.80183781456437
-95.45955812498629
-99.79205584060236
-103.83897498148498
-107.63446316000108
-111.12336670408011
-114.32868832788371
-117.111112366334
-119.46827733233734
-121.27382177586323
-122.55414644340182
-123.23958452885421
-123.38179864409962
-122.94150473653592
-121.97846308053619
-120.46934643906572
-118.47497653013923
-115.95513427636136
-112.96168506880676
-109.4622095144034
-105.50719294177202
-101.10096023793041
-96.31610704503737
-91.12896356626621
-85.61984929141146
-79.74492458386389
-73.57145964509996
-67.06131880936144
-60.26594163965117
-53.14619733267474
-45.731939911032335
-38.031886806299376
-30.06217307815874
-21.874818619640227
-13.528435650461006
-5.111265661231964
3.2656100114073543
11.500055919645229
19.4972909296655
27.184544166299073
34.54304141420773
41.592360239825254
48.42214251116588
55.00140730552495
61.38961544070636
67.42658461757122
73.19556963531494
78.44961087860854
83.40687676937947
87.71275500480694
91.75407155460033
94.98062610892241
97.98137229483527
100.05480043517272
101.99116360080366
103.14790739816993
104.23671229494207
104.6099535745591
104.96451086088962
