-180.0
-187.32179900168984
-193.7693645189503
-199.51440577348103
-204.81732421230157
-209.46520004018555
-214.624783302502
-220.2632646323008
-225.98330097657984
-231.35088452751899
-236.3127369860871
-240.93066126671079
-245.24837164159698
-249.2313325422196
-252.6453754689989
-255.30506569072526
-256.7523709307023
-255.90524724282307
-254.0408815333625
-255.8731891062547
-255.84055646065562
-253.4856408296936
-248.92852979851193
-242.22839763565244
-233.66438189479925
-223.1051538495518
-210.6718391544451
-196.5760536167058
-181.13199935858523
-164.47448935056644
-146.67246675837944
-127.79378131510978
-107.96841967675594
-87.53212299241214
-66.78517104127764
-47.0743267258635
-29.70484401687658
-13.450465813000555
2.011415610210195
16.179948520753005
28.424460426875225
38.52249214857195
46.82891996242016
52.540332560027
56.25329567539143
58.00585158153181
58.47603019800686
57.811141512821045
55.81299665438206
52.60499987239595
48.16361976849406
42.63176300656289
36.19966061312265
28.15933997641144
19.469269773429282
10.314605418711196
0.4108556220337056
-9.874490246092444
-21.03058221197619
-32.94339755578288
-45.17051172524652
-57.653689404517586
-69.445107587869
-81.03317197947213
-92.20677214873515
-103.34402576495687
-114.11757589998982
-123.70262061033013
-131.30762043296787
-137.67682813779936
-142.92410256545512
-146.85526106389756
-148.03808518259203
-146.82723538818783
-143.25622240203958
-137.54160964075038
-129.78155118990546
-119.94786362357213
-108.19908118216154
-94.83389060061438
-80.32873565708104
-64.71790961963657
-47.93257570306171
-30.209609669642372
-12.28553863527848
5.4390814791069255
22.27029888508911
37.15568997894675
50.66235067348132
63.16324928835087
74.30569967925837
83.05390196604901
90.08360611472004
94.13168004950609
95.79862042984558
95.43947624967272
93.75642088340032
90.71606964628619
86.29204529844169
80.63107373550105
73.7706602854327
65.78597229670183
56.24205345457344
45.779308623032755
34.53084386636561
22.626623894798108
10.07309372789212
-3.0822657705256504
-16.125263694783815
-29.48637628064547
-42.59979411885274
-56.02034076463164
-68.70815954471432
-80.94878762658087
-92.61435879469025
-103.87109616884031
-114.17698492607846
-122.3838750349056
-129.34006276645965
-134.97534654575952
-139.29127979136774
-140.89244411834588
-140.10014184675725
-136.86506539854008
-131.42438150765315
-123.81912012032836
-113.97865550212605
-103.05007278884432
-90.72425114302341
-77.25116795417901
-62.56224838211167
-46.534578778251024
-29.381896717187953
-11.351695788813155
6.422304893676574
24.042874816508867
39.96999709031248
54.65733948727475
68.22246259546287
80.60282306644001
90.71510841418115
99.10851580620817
104.37184036710599
107.29600489871575
108.18905951633432
107.66946700579564
105.72604335542013
102.4425235712377
97.8883067913087
92.09327570296882
84.46525030713845
75.18077453774946
64.26181576124897
52.531283788441385
39.696422092506566
26.07249155995149
11.661129952207856
-2.701756277451119
-17.32385693376103
-31.763173438867636
-46.4763784531861
-60.28076629680411
-73.61649723764204
-86.32304447346485
-98.54432743243446
-109.60304170346595
-118.38890875358497
-126.01484724656434
-132.34257290225796
-136.3894454773762
-137.76120742466193
-136.57278341836582
-132.87957801842737
-127.13908340098686
-119.38267576245117
-109.3972469204566
-98.29843570625896
-85.89417640597911
-72.33209292312581
-57.491160239701244
-41.3244882500389
-23.949798428476907
-6.178250734314232
11.665529736616179
28.973978804372745
44.24273354394939
58.22993259959134
70.6610358517963
81.29761648789207
89.90248320884649
96.53751341076689
100.57192229546314
102.0653081496311
101.7916221496841
99.71077379029511
96.74872560399766
92.67481355336861
87.40270258961722
80.84188552368798
73.0545093467432
63.33884765860547
52.45574307073135
40.53023000603831
27.683703380149485
14.345141781228126
0.614956029350337
-13.352022590619029
-27.456581780969948
-41.71988510489212
-56.02913593541252
-69.83654621004568
-82.9138202775424
-95.7174375090362
-108.04274764085228
-120.17671099904653
-131.14343899514438
-140.04900907611975
-147.60299703084507
-153.9335988456169
-157.78704500236893
-158.91105635660801
-157.66314931486994
-154.02387552852414
-148.10474469344155
-139.92610587433222
-129.58998505242903
-117.37525082394386
-103.67793143732996
-88.64163917992609
-72.28887491430673
-54.76010471043056
-36.106677786853
-16.51790108093946
2.6610292720461253
20.687192223495675
36.59399990856333
51.00581689431247
64.47378200755084
76.39911988032352
86.08031056962743
93.71765985701465
98.56923109491906
100.70413596401336
100.75758683253764
99.51457840611937
96.734768821979
92.54131104160928
86.90212268188803
79.95412086419692
71.93697328922629
62.140830319544854
50.84118808969104
38.92337850063061
26.55454324971455
13.696566392232858
0.4858643471886845
-13.448441591659986
-27.95837081506812
-42.591642667370714
-57.293425496378056
-71.44492578644928
-84.79075497300042
-97.3971034956884
-109.53118249771457
-119.86254305733574
-128.45469879475098
-136.25854578290273
-142.43760327325384
-146.54843871503067
-147.88517738066503
-146.68500403483048
-143.08659815249783
-137.27449791418098
-129.2916789142393
-119.27242837844524
-107.42818627948881
-93.9022166137963
-78.87523221355785
-62.5117144807161
-44.848281358340465
-26.199006027336825
-7.223458281583537
11.476937135678975
28.835106888583454
44.39562752341641
59.56917831364408
73.47131267416542
85.13188024090462
94.96756355323943
102.3614618214386
107.37412028691597
110.73077666590564
112.68968485256413
113.0781771454626
111.99391738264289
109.44917104313541
105.3395106138545
99.22871460945558
92.02088697292193
83.14247767692223
73.1192897041832
62.09858052109121
50.1053303524581
37.425095895789234
23.898619426388226
9.8213734450913
-4.312544687343552
-18.89742524449849
-33.23120897313066
-47.28508420353466
-61.42349620900586
-75.34972527203367
-88.21780662563795
-99.01640254937315
-108.23062579151848
-116.12031608208292
-121.77540475592693
-125.42807231810215
-126.47653525031343
-125.01189347576522
-121.11922724843146
-115.09619868148701
-106.80292034564937
-96.57658085646862
-84.77724088015287
-71.61589813872509
-57.133464880920116
-41.32361585292201
-24.271590245217915
-6.264649668327542
11.550218203277945
28.513248088380255
43.816165953544875
57.76983770251781
70.79869810331797
82.45904306617224
91.93517241870873
99.76070614065316
104.98017966826637
107.47849720293492
108.69950427159456
108.56558016814922
106.93825957394682
103.88817938330048
99.46173462541383
93.72296384592451
86.04356499368497
77.28537227079664
66.82755744109969
55.71158795101853
44.15708534093537
31.58556186006971
18.180212656940956
4.085168928580315
-10.362816213446369
-24.76511348497989
-39.53288970124817
-53.89283549886918
-67.4755007180754
-81.08468020715777
-94.07951336260273
-106.12045184936628
-116.19618845037544
-125.29035791495888
-132.99758602906786
-137.88768280127564
-140.66896208468626
-140.77287246449896
-138.49819556068095
-134.0610883194879
-127.24450530648382
-118.20642323851773
-107.24816554106728
-94.7003222198531
-80.72226378810528
-65.34416562839513
-48.60196249837695
-30.762793563397263
-12.335151929276673
6.078956565747759
24.22138672513113
40.873142290421704
56.78516694594609
71.53059482727315
84.14535366787447
94.88765519889867
102.75499377412774
108.36375953144795
111.52989467264354
113.13958216562679
113.38498950476493
112.08312626373383
109.28668633595002
104.93175196022699
99.2334823696955
92.36465809000781
84.45669537776244
75.10975119590599
64.56122710804662
52.7365066482313
39.863044543976514
26.490609981123725
12.698971797133865
-1.1781727533873496
-15.48739195311218
-29.163338641204508
-42.59272777595719
-55.10161960102105
-66.89815624262795
-77.00427047353462
-85.46014263538359
-93.313815439353
-99.56849711099385
-103.74832705568004
-105.9463352036935
-106.27852226518162
-104.10202566456753
-99.73283258404403
-93.16771999513958
-84.54854014079349
-74.27198405118149
-62.54040572486224
-49.46138717281971
-35.11374458794222
-19.531057824886613
-2.901147757522297
14.375399723571478
30.895308124666204
45.892716581589355
59.42047831394342
72.75788214897091
84.82284998497255
94.66557268093851
102.67105898614015
107.90309313178655
110.39150846753438
111.43052560041092
111.17216962402527
109.36984474618511
106.25516635444872
101.85434968471914
96.16112211800953
89.32849170335562
80.74352908750863
70.59483375463803
59.08028524618751
47.20157825898863
34.53463666001098
21.07343747245252
7.463396301559131
-6.644903975817094
-20.628680148938905
-34.85319426495315
-48.336165976693636
-61.060922012228524
-73.79867496986365
-86.08049396356728
-96.80219666089805
-105.43688449713841
-112.9736112510037
-119.23988921725619
-124.0073820510205
-126.1046967447534
-125.68780712382943
-122.825516306766
-117.8799008993576
-110.8678769812627
-101.72313417638479
-91.36407979157956
-79.43773021642858
-66.2779703809
-51.88825217203585
-36.195706615509735
-19.377572210468134
-1.7198029932288847
16.31685111207131
33.047819587633946
48.250279611914394
62.61602043471843
76.11240917504324
88.23328659923568
98.27100461641682
106.4501756710049
112.02748827267425
115.1077871597377
116.83730783134618
117.323519686094
116.27259433260333
113.95344589635397
110.33502511382066
105.45834817182933
99.3687699728147
92.19056573775497
83.29787034742306
72.90050406075555
62.004693789525184
50.18069017993401
37.41206598362446
24.223807941594597
11.200207027560374
-1.8657972669937894
-15.121058279319186
-28.009831671567998
-40.298047662368056
-52.754163206430896
-64.99212738675462
-76.16859952387776
-85.4823388744885
-93.25078631478175
-100.29359529548854
-106.8217894278866
-111.31981533076066
-113.21209323483296
-112.53125787963226
-109.45269258003225
-104.26825794136654
-96.76704615189709
-87.79035118334578
-77.78760898204304
-66.35112319853859
-53.560974492092164
-39.289853086569416
-23.645099191099618
-6.878705588856823
10.555570294806714
27.355471856472736
42.995271860718326
57.53177164403157
71.37158282081417
84.91673618874401
96.56900194034748
106.15041382867243
113.81130216063642
119.01320830725236
121.769097582302
123.28701296935088
123.44946087908693
122.14297401330917
119.42872113312436
115.2881513785328
109.79090194678359
103.00242166539995
94.26023554679645
83.7916531203954
72.60137004127462
60.31761360806452
47.2615854220229
33.80816369369913
19.60473600020516
4.589392686439692
-10.705042475221685
-26.18249934427509
-41.206305795161164
-55.52642000864682
-70.18609558602677
-84.3746364013912
-97.35091644604408
-108.2629676221613
-117.83442967675693
-125.99215529619407
-132.37770666922256
-135.8367813365061
-136.6166414133931
-134.88571003100535
-130.86633927049698
-124.79804054820208
-116.80313435951027
-106.83864065954715
-94.90923331382385
-81.35567963761045
-66.52806776098528
-50.48011633538144
-33.23599340124192
-14.919043543887387
3.2311405329561347
20.53852230796974
36.052289315800444
50.58764611956213
63.98881636359577
75.85646906201569
85.78072049058783
94.20209723953882
100.59046757984981
104.31344471628695
106.60864204303633
107.47851142668723
106.79634129462607
104.65725696920622
101.164664691341
96.32316532701005
90.29196614513421
83.14733045486813
74.29654335949594
64.54467504240955
54.117319387964976
43.18352048907462
31.40880674686897
18.65876491150081
5.009938105482545
-9.117165975705904
-23.7739895115165
-38.421700607885725
-52.30675581957472
-66.30412347556644
-79.94877161451454
-92.53149375889113
-103.10008306597827
-111.99923403165201
-120.16180628130721
-127.06878566085544
-131.74036018717052
-133.68708936476773
-133.0242537398182
-129.9864251465302
-124.86515247642745
-117.61554746814566
-108.19531147849715
-96.7382282769531
-83.76017141563219
-69.47401113457293
-53.92814595110642
-37.218681965433476
-19.313479123718754
-1.4941193666080652
16.20437483469468
32.34494437062585
47.00963988876583
61.16888539560502
74.25961527984812
85.04572422892251
93.66808052814903
99.2772335572438
103.1656184588366
105.43897906318591
106.09544393579752
105.27546660020377
103.05220550716938
99.48617457347828
94.59188809677643
87.73291211348054
79.14457436555058
68.77474716165374
57.68503533111918
45.37084080528398
32.17163375818361
18.35711939155518
3.920653290366772
-11.087861539148827
-26.212639829433797
-41.211884632656066
-55.28642561898026
-69.4782459173597
-83.34526073935463
-96.17235118293794
-106.92845822343291
-116.01134948765468
-124.3949791126741
-131.3485064612186
-135.53715714711606
-137.0122643006966
-135.87929462908443
-132.429886171058
-126.91281348915503
-119.30694353614102
-109.7345327713918
-98.3414551682201
-85.24529092187261
-70.69367103938211
-55.00206669283543
-38.21671136953324
-20.553576942171112
-3.123904082873761
13.465763602720594
28.45955004397121
41.89148357835254
54.92352754034556
66.88120621807474
76.75150212863836
84.13810499572054
88.27652942772798
90.79399493999618
91.94043508930042
91.6624346412321
89.87569903618991
86.74320896529542
82.32473665882394
76.64833762392841
69.21843272576182
60.20249585576126
49.73644585557524
38.71906514470106
27.429683923682983
15.379999500746067
2.751246572308755
-9.871451054917472
-22.483221498147856
-35.29194767516627
-47.82467996132475
-59.304913792553634
-71.12146402331514
-82.99120354243144
-94.3398999683867
-104.29466001708923
-112.48530355238962
-119.5991995405989
-125.46590995985598
-129.1139171535066
-130.2008702660274
-128.89049807935763
-125.32782540008509
-119.81560255105114
-112.39531990759461
-102.99587069622926
-92.48288489849494
-81.00577061578248
-68.05715243342065
-53.75491113522447
-38.109505480016786
-21.254198567046018
-3.455226008183413
14.110476309572466
30.556190301956942
45.42535598246645
59.36637948220889
71.8992900388479
82.84081761994645
91.79188469466587
99.365158263588
104.65204707484907
107.52791920967077
108.61115743574916
108.4417439049323
107.05951744390256
104.3389890154059
100.40467757249277
95.17529583669626
88.71326627938552
80.42110882333013
70.40362889454848
59.55427084693388
48.18190152706054
36.33565608466225
23.793273366682545
10.659598991589524
-3.0482653255742056
-16.263935638385668
-30.144543331880516
-43.80787527806052
-56.93249056067104
-69.71394016153936
-82.29053949749012
-94.06899800332309
-103.99981290621116
-112.28715518142745
-119.74240459297071
-125.98766056803913
-130.29688006823687
-132.05991173140015
-131.40009111488803
-128.50085878882714
-123.51883370467995
-116.36105372677677
-106.94582132972153
-95.50489324747713
-83.2072104692012
-69.54329988135724
-54.46077484140107
-37.963567870328006
-20.26495221464055
-1.8995999319689525
15.641977893794893
31.97870085308061
46.924195733964844
60.711721647840776
73.46610361709577
85.19535039775238
95.51932340653855
103.88273416234485
109.37652640110494
113.22698433260005
115.75856539488835
116.79889342114211
116.19006290627473
113.9861497436812
110.34078475368992
105.37180574948988
99.03274756233789
91.40901353471139
82.13418654027285
72.32132618907477
61.37462591925587
49.45044711540582
37.38388200985353
24.917680464083826
12.11833486887356
-1.3726899904827137
-15.058382686033575
-27.938261980918593
-40.859036011569124
-53.72106953390641
-65.83386292061695
-76.02114191602578
-84.43644874203426
-91.97741604275002
-98.2795382390323
-102.80260994661421
-105.31371661688229
-105.16829971698179
-102.69229086500029
-98.01114637397562
-91.05509595188936
-82.22593338725069
-71.91521679321565
-60.2832952777412
-47.35609078551145
-33.141058942806445
-17.75769043358871
-1.5199501336222858
15.152348074479947
31.120210022351856
45.53553256544369
58.551094809597984
71.10350086278656
82.8706599359099
93.2287416045631
101.56551216131905
108.20758549982072
111.86506138287965
113.04949712956635
112.92668275322553
111.6090203194422
108.91278890727556
104.995793902282
99.8963604209624
93.65053162447977
86.40828268022359
77.60621671447808
67.4221675675142
56.7790919014179
45.63306698845758
33.956007722283786
21.441493716064954
7.845707893484717
-6.3923800144927485
-20.754488806300454
-35.53860992051
-49.272988800758505
-62.16739529036388
-75.22579602886532
-88.04193357965931
-99.86246177392069
-109.98733403174974
-118.42132039597324
-125.86356643059145
-132.14629307867114
-136.26827439001852
-137.80591798854834
-136.9325050026882
-133.7241198128144
-128.2195611715787
-120.53552196497947
-110.72054188220928
-99.22024615935607
-86.35445295370356
-72.18597893413201
-56.66429769964489
-39.878673042132114
-21.972263264304562
-3.465017975625678
14.342925797486986
30.592581633088336
45.4275227740575
59.30406451251773
72.1674165932386
83.68391179978907
93.25734892767393
101.32776107087105
107.17527252872026
110.53079102835325
112.5128306771713
113.18435088434056
112.58865578439736
110.6433553093885
107.3811431779132
102.70838228728391
96.7024922989451
89.48308460634843
80.54582271430272
70.88534016392211
60.60037500671494
49.71231293255318
38.25494951531537
25.811223903564596
13.357647946837995
0.5887494313878018
-12.769042920749026
-26.02220329413508
-38.814254326861565
-51.80569726629403
-64.66237405853133
-76.85348941538305
-87.32762421340965
-96.10519112869304
-103.93756003365068
-110.53864074706263
-115.08348611892363
-116.89465758694097
-116.14096382570897
-112.90277159101079
-107.61215413057538
-100.19438865237827
-90.55276135539403
-79.77321380490895
-67.50101642002136
-53.974450232650476
-39.19807314963499
-23.179030200455458
-6.091379477631525
11.012064231129534
27.64466345278933
42.675690873439464
56.179021836397155
68.81406940796927
80.41791691373878
90.194648812229
97.92612621425288
103.85831034709973
106.85185227045028
108.14685312231981
108.21757064810974
106.80961116877212
103.94264332538688
99.77378827596601
94.33437053951465
87.76505622903044
80.07927326421405
70.71683952508222
60.54686984338042
49.602605708305774
38.26932794589851
26.496482613637998
14.085003629409453
0.913234767986661
-12.868292132981656
-26.86145107181844
-41.152205582800754
-54.42536776672845
-67.734264393631
-81.1424251203312
-93.78114097792042
-104.77825296750778
-114.12867013928799
-122.39981775714625
-129.47090833875873
-134.84217182949115
-137.5112975153493
-137.66462092822985
-135.31136219400022
-130.77952564130052
-124.26013561351398
-115.54508279236391
-104.79901568605301
-92.33493659610089
-78.33311221650607
-63.04150984472784
-46.64719320363465
-29.155597122227086
-10.802586377103141
7.068850563609334
23.36789810339207
38.19052219348131
52.06641020499594
64.9000294643783
76.1866099446531
85.36709782093916
92.60690895680932
96.84543233424033
99.08744825905279
99.99411287288225
99.44584419853139
97.41283176335425
94.10237203640605
89.4723698308983
83.67114151984714
76.74681320101256
68.85007038006589
59.26945858772664
48.987605783882465
38.39318029557601
27.081955001449888
14.893769489351365
1.89823323099665
-11.550509792626158
-25.052475777825247
-38.65556834715674
-51.33521866660825
-63.82794527494227
-76.45009243815122
-88.63713602514576
-99.73772493885623
-108.8581324403137
-116.58356994852592
-123.77960598178652
-129.68199829471166
-133.63052471803175
-135.06452309423628
-133.9891958352559
-130.70955305573685
-125.20704446891575
-117.37240826462413
-107.49351258940798
-96.0081363727449
-83.1859943105452
-69.08452006619957
-53.69292638931451
-37.122724331064646
-19.62084562596496
-2.3907636309851865
14.151136835097208
28.894632195380076
42.40421034392978
55.408334579130326
67.28019078493256
77.29089882490261
85.32862803715986
91.31648182073486
94.4735299155794
96.0689414516125
96.45166885574886
95.62816605767647
93.40326160062992
89.89383120896917
85.17386655043754
79.2263737259701
72.14143069039187
63.29981312462587
53.75164753070256
43.5088831341292
32.627881609454306
21.079579361997506
8.770101153425424
-4.3972542626272855
-18.12735951708313
-31.789244497794716
-45.38833023111471
-58.0447139706659
-70.79011387581832
-83.54477344706811
-95.89413992478812
-107.08348781112842
-116.99218436413965
-125.59477494147401
-132.92075335085704
-138.73236226017633
-141.81822120091232
-142.50169420807708
-140.74929308297305
-136.6799527252565
-130.36594101266337
-121.83375009551204
-111.21279203656056
-98.90923508644474
-85.3316774542676
-70.6016464131577
-54.65765004744075
-37.660338203790445
-19.973912104598536
-2.6870417039049275
13.605268224387986
29.034149089389786
43.22864929900204
56.409652519713305
68.25754795641232
77.98218721498752
85.17849251773846
89.44381285106289
92.10536637553012
93.35154929457764
93.15448683711222
91.4174637872611
88.32903958051357
83.89463132293656
78.27590365311629
70.8530068982314
61.906704668385316
51.604893680748916
40.80467053783087
29.520367421337664
17.18674293707012
4.079253337443367
-9.015859699544585
-22.486591910499254
-35.908717328369576
-48.78945039380141
-60.91523309787195
-73.29886544804553
-85.57335871064898
-97.06675658696568
-106.7629513372644
-114.77536451766662
-122.0133748255472
-128.0569949192591
-131.53497861242417
-132.57422007792226
-131.35590792039352
-127.95054658648415
-122.46388315309231
-114.79461341783558
-105.0227782926603
-94.19646020437071
-81.98757506853266
-68.64617999891604
-54.051333103979616
-38.088004302551504
-20.99801558152033
-3.2403326048307495
13.782091020859388
29.169444940039764
43.285523774856735
56.59456574645464
68.7774965135947
79.16189977922282
87.57875152649827
93.8091565842231
97.48327941321791
99.68901684533152
100.64588304846505
100.18717624934864
98.33676210955437
95.19704279411968
90.76266599858113
85.10563046298844
77.52226645641161
68.1997545058306
57.33281641280772
46.00661695482584
34.07141266071857
20.928331247803275
7.273675466463196
-6.66508565110184
-20.761311392081698
-34.84398933269715
-48.71817901931738
-61.95515867890857
-75.20390228236963
-88.155015189004
-100.07466496871571
-109.84918270291105
-118.18210340276994
-125.83038152280596
-131.886844984527
-135.14008849244
-135.89271009767208
-134.1976416047699
-130.27704953897882
-124.18896638349581
-115.82266295623697
-105.4622007857115
-93.59257814329513
-80.42980590805563
-66.06235488983171
-50.39545554224342
-33.61123626510496
-16.094272702243792
1.6274151311954528
18.319333758687367
33.377720705943354
47.13970064920687
60.64113397557185
72.81771943472953
82.85116049232454
91.37016437738009
97.52361955330181
100.77110818568215
102.59350589974304
103.10863908247526
102.19034009734617
99.98508106621372
96.50343085714613
91.77045035259422
85.89076362594565
79.0033176940361
70.63818947930882
61.05913054010917
51.07957092664207
40.259804626543556
28.75392807740852
16.408086802806043
3.4577740927962717
-9.696952240464977
-23.446312828272067
-36.85137781151382
-49.20010346502682
-61.58148738581309
-73.69845079899069
-85.07243017451488
-94.70450801840514
-102.86218139784502
-109.93298446161684
-115.71585950004751
-119.80854678417269
-121.28324351273011
-120.46861992804732
-117.46927673452255
-112.31022945529486
-104.9844986826213
-95.68058263909614
-84.67925000043033
-72.23483735215339
-58.46783706642101
-43.574997164512496
-27.696707442433237
-10.985396106834049
6.199983469457427
23.138980066798634
38.79067143530019
53.122318509929705
66.87008604622386
79.18440081528756
89.90321783176773
98.53830642433785
105.77727476439377
110.73300177743431
113.55682132448845
115.1738752104551
115.57417519085766
114.68165952609144
112.60955447738831
109.4160634448509
105.15894641804164
99.92414133729443
93.05062943875046
84.7727221647344
75.67296371675968
65.75991207949238
55.3775073379775
44.09511136654277
32.422100438145186
20.173150860355655
7.5033348087961915
-5.999184143385784
-18.931954963667305
-31.18381735696361
-43.57933508575005
-55.88061854058305
-67.3132752503783
-77.19661063560416
-85.60678334845555
-93.1846009575273
-99.56350846430416
-103.7124213437754
-105.43779043240768
-104.98935366553651
-102.45901222653022
-97.97930807728406
-91.61471830490838
-83.52171507461034
-73.90059538680914
-62.76990573773544
-50.22598730398179
-36.75340375702697
-22.495318612518865
-7.268018144154399
8.109273009450437
23.072201567470348
36.71118395338925
48.90292033850027
60.18805534087972
70.36198446445333
78.34730546636293
84.58385144012733
89.92996002702644
93.89311431605816
95.5906949978814
95.59743327155863
94.87985884025287
93.29074447121805
90.74763359237953
87.15287754170892
82.5551552337967
76.9500234923966
69.68954784477194
61.67387686209668
52.97317538844724
43.74915326002959
34.03717518897708
23.992378607457265
13.368246197831295
2.9262060174774143
-7.191583633339471
-18.274656270730052
-29.663911390778278
-40.283397385773306
-50.362386805708454
-60.38516378437444
-69.62788028022904
-77.6574911625251
-84.75363154978696
-90.51532815643998
-95.24859481276171
-97.73099500201478
-98.08399488079753
-96.47807196237609
-92.91478811264551
-87.34544233334488
-79.98381122804118
-70.8884212648973
-60.156305636152446
-48.68607810580571
-36.01380506845491
-22.184759304821156
-7.210517608849332
8.72574213135205
24.39668769960092
39.18259399855073
52.61120876497938
65.28897571488106
76.41264644257798
86.21987438794254
94.46088478271189
101.66706898673564
106.88953449846285
109.6018873179381
110.99043723476821
111.28963264647537
110.30613618784422
108.04175708643777
104.49913330859577
99.69742556190683
93.68590344422489
86.48154058818665
77.4418086872331
67.62021367255643
57.29588823908374
46.49118274898732
34.76491166413879
22.614730937904064
10.205335949331344
-2.6289763860656823
-16.290459754747765
-29.81341939167603
-42.60046409284659
-55.52461962263578
-68.3103769309025
-80.27538897137822
-90.6190798716115
-99.20560513221986
-106.96534212039242
-113.60229489426645
-118.23496488463672
-120.24790844614125
-119.88438197666335
-117.25836581339904
-112.50544111304553
-105.54857904783884
-96.5670546057636
-85.83627930915114
-73.653536164091
-60.208690947424394
-45.51587732486848
-29.63910480605182
-12.83042230700853
4.461516289099308
21.09591810934968
36.447259394416136
50.23224140439165
63.518191917287
75.85680440588814
86.0788190924932
94.64492470062362
100.93406476949038
104.60921335205654
106.26650132258635
106.52928621912784
105.26871000010495
102.66001103829706
98.70591253114497
93.41541002175406
86.98417661932989
78.82974863382928
69.18785869226954
58.28209901065234
46.81121253373334
34.408159430102366
21.23090989335326
7.358745355448701
-7.020861198547074
-21.493677415112003
-36.386413032173266
-51.010346646011904
-64.9915753609085
-78.36393580863816
-91.14914797542615
-102.46121939727402
-111.81817411631532
-120.07333911102741
-126.97452341301543
-131.84739427816882
-133.97830544552252
-133.68159819548148
-131.04528392605894
-126.25856740161596
-119.21775534128193
-110.08049147305746
-99.086057061534
-86.5018225983174
-72.60152490226052
-57.495987318408496
-41.226474370736796
-23.833595761457463
-5.6853430774250056
12.654261684312054
29.87437724478386
45.22202049828469
59.81705694902799
73.4580540273393
85.08194393075853
94.93869714148623
102.08752183964944
106.34920267207167
109.07508875824365
110.32737009460155
109.93586068942278
108.09294342042044
104.81525450778135
100.25977762645633
94.55558490912227
87.1291848578145
78.07811034485792
67.67669961346712
56.072346752994285
43.68181349971218
30.60046543381431
16.687332564774387
2.0970903904258655
-12.66478252886624
-27.871915913012728
-42.44940620182426
-56.16987131043106
-69.84050089954629
-82.91667189642014
-94.33533751271185
-103.77430805599862
-112.2088610328211
-119.48975361187867
-124.85912332666955
-127.52749970701691
-127.60877232308671
-125.33541700754792
-120.85940915727454
-114.30805091319672
-105.74302192098361
-95.32233007092786
-83.30531128551604
-69.97157809385621
-55.305898511934544
-39.33921186275952
-22.15524279659553
-4.157878871067274
13.951779328156363
30.749477763206766
45.895284211439815
60.40696796252186
73.99785054783815
85.672787245916
95.74395583383212
102.98974743238671
107.50961846161647
110.5497989167706
112.14660845354106
112.25183314437884
110.98337715050114
108.43968956098342
104.63289781582746
99.59245229083562
93.41969426877117
85.36285954175891
75.69693884785227
64.76182136340515
53.10696844325127
40.34394039835784
26.635723493352295
12.522010141116828
-1.6456627980597318
-16.303638661225165
-30.331418280046794
-43.54294579243476
-56.78080763468432
-69.40670894378515
-80.50302855906418
-89.7736069657581
-98.1223574988411
-105.20229556130315
-110.70373397570845
-114.44569520797712
-115.6955474937169
-114.50021658571825
-111.19288703040074
-105.80435906650186
-98.14662395553329
-88.39084643564134
-77.07654386127103
-64.45198336914802
-50.54742863950827
-35.25068814571418
-18.882852207525826
-1.7639757631373647
14.974454599559168
31.134709945717113
46.116496407007865
60.142208836786146
73.04598358194957
84.48146281633073
93.93788148729745
101.83675308657244
107.44688841661207
111.52645431493963
114.22774709998389
115.33006512327792
115.01461790415875
113.32118651775784
110.29078037441066
105.97075508563654
100.3714414383027
93.64998916036983
85.28199954803101
76.16162446235555
65.69058840311031
53.882625885014896
41.41776771379445
29.068505825413535
16.267243019886983
3.5144323626900738
-9.570324095337176
-22.395606620236816
-35.31717924878368
-47.93031112555766
-59.29409536812904
-68.32953487669937
-76.23139437242648
-82.95408618619713
-88.0880520446209
-91.19207611243455
-92.35579609239198
-90.95684105708602
-87.35167662280975
-81.66233695146254
-73.7651274863781
-63.828941018487726
-52.87359700351093
-40.418621718697764
-26.760919968353004
-11.980106628115387
3.908312488437215
20.7743965794451
37.51366145510934
53.21019742953103
66.92507835135434
79.59273996790132
91.27667952653537
101.53755606460689
109.63416437377118
115.4761828032645
118.64890141953346
120.1324346651403
120.21950438353542
118.8497103066237
116.11735661100279
112.11956054343186
106.90910322828115
100.59984703250544
93.25382036316077
84.22976876099631
73.70056998560514
62.513050376287325
50.93565930638377
38.54370627076674
25.515535905283542
12.596078812944942
-0.7569327965151699
-14.085165723063973
-27.112209193639686
-39.54052348821192
-52.08501207887543
-64.57317816808698
-76.40983934620834
-86.98931268565686
-95.58052063300282
-102.81411925977396
-109.59844152414871
-115.09823826565498
-117.90373733731822
-118.26848601252847
-116.27105216876517
-112.09182785627682
-105.81006717299499
-97.44994114685879
-88.04232802524093
-77.08194373063908
-64.74047578469433
-51.225175516592415
-36.47250212495039
-20.577925966112545
-4.458519748164777
11.523717954727198
26.56534292995345
39.77544440040672
51.971878579140956
63.78962666596743
74.42581511722487
83.08596433301382
89.71588577847089
94.169586383096
96.3660079136437
96.68559878190338
95.71839949900001
93.43151682731464
89.97760875839612
85.34855755480284
79.56985880916308
72.68746048182207
64.83394614767846
55.954460177328514
46.13932722657198
35.756390238270164
24.946394662099458
13.366592636708697
1.0868134587034348
-11.809110525235953
-24.976003995620772
-38.110746652413575
-51.10662033039333
-63.70986746124876
-75.96350847098181
-87.98454688564436
-99.04457097762686
-108.33160113016885
-116.09096834741783
-123.26692646878809
-129.16899057173418
-133.0774290638094
-134.4388158294092
-133.21019910438014
-129.6815926163409
-124.13315533773567
-116.59138213731414
-106.99130765944852
-95.54909529335855
-82.63744034437886
-68.50395477730142
-53.23162436132252
-36.80380808993954
-19.23009692479226
-1.6847373170093527
15.173864225688101
30.33747385110128
44.03910123110574
57.11107826389233
69.08191183534495
79.06482528241683
87.66406452475655
93.65551030636243
97.04155061541235
98.2678573967836
98.18460090433052
96.72031253981775
93.89495113398995
89.80986036580474
84.48975843101518
78.10335830881071
69.92479666996442
59.946047703199994
49.110049335108194
37.695724007177965
25.880878338253563
13.424946633743582
0.2566595806463059
-13.640052731008462
-27.828410656686067
-42.5424226812165
-56.77786668564115
-70.36297653444835
-83.37614053359934
-96.27944062054739
-108.5532632159033
-119.44679048410654
-128.35613108327982
-136.07392098786408
-142.58306422901916
-146.83045851121895
-148.36445189441537
-147.41056367499843
-144.16111679669254
-138.87854451935152
-131.47641585881922
-121.8687604373261
-110.37768474382679
-97.40715400673368
-83.21498791533877
-67.79574848691747
-51.2247811982456
-33.684436554281355
-15.459593447846954
2.358697130270997
18.970904163281762
33.991253516797215
47.973241887649856
60.888870255368005
72.37507071892688
81.66513747686149
89.24002528161705
94.45204623165314
97.5050519237401
98.85972762335152
98.94534415556818
97.8692022072324
95.43886816992207
91.7283672275229
86.76381617068934
80.61041938162538
72.70765835222295
63.23226864664368
53.02307353060313
42.43814952440501
31.189600592870473
19.194372304828736
6.330808694641789
-6.2757151293699325
-19.01286692851034
-32.12979947649612
-44.8292761592783
-57.19368944632176
-69.49806566464433
-81.83531687025334
-93.85119965763215
-104.76407990479488
-113.57926103887793
-120.95219753926688
-127.73696022613817
-132.51102438385865
-134.63707828980273
-134.32790313379797
-131.79750016895
-127.11624144670361
-120.18588627573892
-111.13311154147708
-101.10080921454335
-89.53251759445611
-76.61885127013565
-62.54859363621156
-47.275272040949496
-30.871249245353713
-13.707011431500833
3.0785353046851514
19.006085710666206
33.00426057892883
45.91178234342711
58.37680820758781
69.70327056769243
79.08917749729187
86.3113410508662
91.44998330221568
94.14081889449608
95.33306316963191
95.28442130735141
93.93552664127044
91.23167988573186
87.32940169528746
82.2248840617366
76.06309141311816
68.94945102153231
60.3234760510421
51.074597564710324
41.25299886317598
30.886094033882603
19.583746763118725
7.593913447423961
-4.944111390721537
-17.81033521009225
-30.575377856445915
-43.256937373144346
-55.375084167008254
-67.58466622163357
-79.7314151482754
-91.31201468877686
-101.57277740795217
-110.07115149058795
-117.43686147435933
-123.60894265929063
-128.40931249278432
-130.67207439264823
-130.55588101741736
-128.13251783935436
-123.55002074312856
-116.74634751569515
-107.87922420616482
-97.24861196313579
-85.12774465085268
-71.66683994165074
-56.93478933991294
-40.98396429100713
-23.994800595393425
-6.283804170266544
11.02622565131943
27.166022068916206
41.770407818583635
55.229252924186135
67.46385617631468
78.4163869622409
87.44443746656968
95.03648077449373
100.05257729510535
102.790253200588
103.46230861000299
102.80909263744148
100.96116843276181
97.79950563920644
93.47126751977038
87.90035107430106
81.2644190404243
72.95883431307766
63.115847775988236
52.578144461120715
41.62610084557556
30.16958678606154
18.411993661888694
6.027915601912826
-7.11355775579033
-19.807792129554578
-33.0931962902825
-45.77286929367807
-57.99846457772323
-69.77305022120586
-81.46481976466784
-92.75942417113936
-102.79175986407925
-111.08083784304458
-118.28995403492927
-125.1044398681549
-129.79523549412028
-132.53409153171216
-132.86657019409702
-130.86975680426784
-126.77916218162528
-120.71020877999585
-112.60635677803762
-102.59655210530342
-91.77238220804863
-79.60006744395645
-66.18733414287917
-51.52357836930444
-35.725056130441295
-19.13815883011039
-2.8649489894586035
12.301520968978025
25.841555707074583
38.44665632971428
50.50842144257574
61.2554286523334
70.77247507741528
78.28859649073968
84.34332483676961
87.72492129611115
89.09526829321184
89.51184181255657
88.82120939606968
86.8203586122319
83.71294909253241
79.43498930346041
74.03267713911735
67.59666550381132
59.47960920520611
50.53178826361503
41.02065812362572
31.00951302586328
20.54025096118062
9.728556634888966
-1.6415391380628528
-13.50296384271369
-25.60346777732559
-38.441094164754475
-50.517119548808665
-62.24278272720861
-74.47758390320882
-86.7109435760069
-98.28738847602837
-108.65744085123018
-117.30883493109954
-124.88042949929157
-131.22774565464675
-135.43478646911
-136.99864919678942
-136.13408098210368
-133.06078639506967
-127.98717405960205
-121.05932045906938
-112.43617923102661
-102.21478203675417
-90.47994270159145
-77.34932497539943
-62.997908808065596
-47.41375397978313
-30.776202336505065
-13.408157893438789
3.3386573225825726
18.89196495492464
32.81835181034578
45.85544445350026
57.62321458076506
68.1500024765992
76.7684653988027
83.34926739951281
88.03000572247218
89.96674723214649
90.70815330010633
90.42427136551167
89.0109361850335
86.39844399123577
82.69783429433002
77.93153055311639
72.04112681397605
65.21569199384797
57.51752876747119
49.21624108981896
40.31659588866553
30.890585940086122
20.768004923062563
10.125945574906822
-1.2664997389140518
-13.26142747715696
-25.476501180763744
-37.812217034496506
-49.186737436033816
-60.83540917907567
-72.453355989688
-83.26200324751377
-91.89767706111438
-99.21581561714795
-105.84726047847
-111.39062728208543
-115.52704828102486
-118.00497119045794
-117.84183454756442
-115.33051730935215
-110.74770730597629
-104.19283499750148
-95.75114715438602
-85.49606574426468
-73.57938451852861
-60.16077731047012
-45.29926886492943
-28.96152706595578
-12.098791567984993
4.787708109323679
20.930098541421206
34.92949756633019
47.884627935237994
59.94559109137976
70.87228183929726
80.42234471743217
88.19290931085345
94.42926648806265
98.03119344704922
99.27306175902939
98.51777545719528
96.64225363640185
93.56598631393211
89.19888525889245
83.5965208450832
76.63091614016193
68.32521264862827
59.58345455459416
50.6262659075825
40.9233843526595
30.78499748632624
19.845685472092548
8.37933766081286
-3.797402892033512
-15.816970300837477
-28.07557088641719
-40.95263778482311
-53.097669862571
-64.52634091794278
-75.35775297554235
-86.07655357584434
-96.02770082364059
-104.03500299060245
-110.60914151229572
-116.58850761707218
-121.36093429654468
-124.27013811427689
-125.37555531941713
-124.00791430376592
-120.44440074234308
-114.8659600467925
-107.15592968106228
-97.28163337562519
-86.34918409992865
-73.8529486310265
-60.03070309421465
-45.0844213041758
-29.135789016161258
-12.375351632654187
4.167166625889886
19.962212962755153
34.13372899691839
46.98157017562957
59.420299966748054
70.73328706226401
80.02787118851712
87.09643680771629
91.23308265433539
93.66719247268767
94.75630345819826
94.40621033250022
92.51504944253095
89.24186941041576
84.69717451039284
78.94612175160114
72.19038388087961
63.79413935811426
53.98430365585365
43.68839255446583
32.91415927660071
21.378429806775014
9.133397049134441
-3.061309024760868
-15.865977130223515
-28.901008513458113
-41.70455017033933
-53.56067659972705
-65.5154683201719
-77.40580885003263
-88.59852761377057
-97.96881860349622
-105.7279243603979
-112.9179151845953
-118.88497218188132
-122.99201126158994
-124.5502246391688
-123.65510052100375
-120.56729934737754
-115.46321868565876
-108.33104527710377
-99.1745995718791
-88.83003069206707
-76.66923717316895
-62.97461181854293
-47.93064085878926
-31.620935248062867
-14.138032001170679
4.050569106116075
22.321885781150478
39.43665098727734
55.22147804728495
70.20828511957964
83.9450979200933
95.72534495100143
105.33169357669507
112.68184785241915
117.57067602207134
120.79434935757337
122.65856317112768
123.06996118946242
121.96001054275041
119.36366630491725
115.3931010984483
110.11947352148299
102.91796541982343
93.88743275414355
83.35895226681892
71.5350099028644
58.5598560665396
44.678984845232876
30.43223012487591
15.715623448040303
0.7110022508237893
-14.133568622002528
-28.769871523148566
-42.9342467068376
-56.989645846690735
-70.74348403297431
-83.22411524874235
-93.75671850096816
-103.36136336173413
-111.53521267644847
-117.82437563261968
-121.34507941117978
-122.27887911244227
-120.8504477632822
-117.1874678382919
-111.3774551467604
-103.43446982913422
-93.53469298044126
-81.84656037001804
-68.58786838517346
-54.03989045531684
-38.30236508355189
-21.44847088419566
-3.7933115230924317
13.396347973258525
29.457013938979202
43.95844808757346
57.870560984427335
70.6558794209396
81.67135451029161
91.11913200966312
98.68193006939025
104.15019285286243
108.01652494672352
110.31082262493388
110.88347932536286
109.92220213182097
107.46893132922301
103.52503702277538
98.30929113358893
91.93433856336115
83.8260231898772
74.28656459411161
64.16950962313517
53.071398990976554
40.98310287518889
28.328256831835844
15.26767067533673
2.022545133378895
-11.777944489291064
-25.752373236198807
-39.52822559564803
-53.16501412953784
-66.11081234721676
-77.07940749006025
-86.28557417097464
-94.71809895999715
-101.70093124141958
-106.6042452703324
-109.5323005628632
-109.74829832195562
-107.46128326534175
-102.93529558923643
-96.04918260730213
-87.0237217287691
-76.31084457192081
-64.1469312641862
-50.66532945616473
-35.931372522377934
-19.99329428376214
-3.073352469079478
14.42175280099625
31.254891546397157
46.40986019426275
60.048954442457074
73.12755524955634
85.09677364911907
95.04678374240277
102.94903653627152
107.92835012509532
110.69364440685443
111.93970102763097
111.7200276024307
110.13076049594156
107.20801489209487
102.93535067095092
97.33032145014222
90.4663980609766
81.84412680893124
71.72363441278804
60.22470556473744
48.16317887093568
35.383379340271176
22.579317754763895
9.864179856242274
-3.423500816965893
-16.903797814216084
-30.3924623972845
-43.06292534874434
-55.44055366597079
-67.4972985297977
-78.48742348233263
-88.18364109082967
-96.69772028029892
-103.85197791391182
-109.29728620693938
-112.61606720837653
-113.31858061102359
-111.48698952788408
-107.32064893518843
-101.06346925046044
-92.67428386727636
-83.01837914076066
-72.2290485940312
-59.79172276226634
-45.91228389066151
-30.727977630334987
-14.390307746538557
2.8145865426116807
19.729657476035896
35.540014146140855
50.203134231438845
63.70659180414751
76.11524405378096
87.04836717501935
95.78275472700811
102.53760619474163
106.50739375356778
108.88282243890805
109.7721246324112
109.03221824658131
106.77923380107876
103.15523597210809
98.18712000979772
91.18804756865534
82.43940776263861
72.15333709068277
60.514872184902266
48.21382376080443
35.47756189136648
21.889033451541177
7.735775993235146
-6.960856470630141
-21.96579233966542
-36.89080190922628
-51.838640542497124
-66.0104163692649
-80.15745895892317
-94.03539245682573
-106.19311916582869
-116.3699762692089
-125.72335201112702
-133.66908647609517
-138.78017051099144
-141.289876706056
-141.33586558926817
-138.91060603302685
-134.1849292288723
-127.44592211335721
-118.53774024032072
-107.69365736050827
-95.14799705391805
-81.1863420140462
-65.95665292867483
-49.52499626756538
-31.97931261567433
-13.672942360944244
4.3233690483261835
20.812616130800045
35.78393758970421
50.24925829103712
63.60879503813441
74.92527183416358
84.5890594313293
91.51082869331971
95.870880480302
98.59905644964924
99.7941739506963
99.40826421935537
97.56843220644619
94.32770203393618
89.70335978314121
83.90504265471645
76.2984697439323
66.98859553665979
56.29005423772123
45.26344095041024
33.57690214868648
20.834415640584464
8.147830420532456
-5.027681665778246
-18.338784490669543
-32.11800047238802
-45.260135170615776
-57.95151662753506
-70.5576710173425
-82.48400052821576
-92.75405048394862
-101.26246881211034
-108.9580893164062
-115.42323598105429
-120.03494797915269
-121.93205045524627
-121.27324958815662
-118.25603532055702
-113.23362867198742
-106.06277255970423
-96.70153759525417
-86.2372776593988
-74.21336007023577
-60.84693088983606
-46.21232512543144
-30.331282055312613
-13.336142255514439
4.382556288051201
22.165669516302106
38.47088840865825
53.313608449068155
67.45784224644676
80.6067710918774
91.83163235102663
100.85275200256542
107.34095850993226
111.55388385524212
114.2377431353751
115.41786809228624
114.89743307762551
112.90806580949277
109.48851319388706
104.78397171252769
98.87554165215928
91.890030879348
83.16400431349072
72.94459853550619
61.39116778611754
48.921044829862176
35.494304364738674
21.562462312237454
7.367413128746504
-6.875346051822515
-21.021517156160556
-34.6926169251332
-48.03458114303878
-61.214790485386786
-73.98369714074893
-84.46442607524278
-93.41031454302612
-101.80890826520731
-108.68182394543139
-113.45605778734954
-116.33152447136246
-116.5136923635782
-114.28409468929515
-109.9077123381956
-103.26379178758215
-94.48994994763996
-83.96189654374771
-72.02413764548272
-58.81117442032873
-44.352389998182545
-28.68559918697342
-12.030153837575615
4.4238626144706
20.42034723112969
34.75873612090382
47.566113463291444
59.93888743204046
71.0729826121625
80.01458476719655
87.04930190475666
90.8491603374545
92.72919664392228
93.27384917010419
92.43386830558073
90.11304654830933
86.45670800130823
81.45741368276643
75.25606455778751
67.16729183529507
57.37564196620715
46.07281056568856
34.23826929423017
22.149946621699723
9.137014576321103
-4.415475716579638
-18.47915638844896
-32.894890080880316
-47.284547496629294
-61.68831757506942
-74.84309997705664
-87.73761227944748
-100.13587332591769
-110.90983855152773
-120.0267433235753
-128.4208771727209
-135.43888870759005
-140.36611306906798
-142.6364063916454
-142.32132908171607
-139.55756887969372
-134.7017922428816
-128.03444066397714
-119.33451050579876
-108.61357071854773
-95.99748548860111
-81.99248875039953
-66.68397935698482
-50.21857029755618
-32.67632718273692
-15.028507283426055
2.7160953280383726
18.86023650329258
33.55175070868743
47.49266646854646
60.27321213936071
70.98991874117854
79.86344501236567
85.70698642433973
89.65318976706159
92.12561824481064
92.94774792582116
92.21693125994973
90.04293121165404
86.47301966214113
80.89409618932086
74.21987017495367
65.80618011559115
55.78290906861858
45.00268858536706
32.92277672849509
20.056090171742934
6.423626598260395
-7.519916299161136
-21.724671319161793
-35.95665506100082
-50.3500668949403
-63.74366883592017
-76.95747644492963
-89.69052401754426
-100.66390966408505
-109.94417126212302
-118.56457915929622
-125.9115293336658
-130.3583564873127
-132.94138880403517
-132.89204255213798
-130.27548546235334
-125.56096456525746
-118.91144818059627
-110.15910092160419
-99.44607803876443
-87.04648821425775
-73.27891274745089
-58.281703320552616
-42.09351792346458
-24.86434370859847
-7.5785743032998765
9.214031243294539
24.541398527936575
38.31230674866799
51.451444644235835
63.49367396130767
73.3883121377613
81.20922028175173
85.99873789345426
88.57846829326131
89.81125446928547
89.70793522124444
88.08749857941224
85.13754145030894
80.78616160819942
75.19697636333342
68.46159969992993
59.92794530432623
49.8669764766033
39.10215697054627
27.686349905596792
15.492021098372556
2.59289286052732
-10.772833785322245
-24.42075171050894
-38.03754666613097
-51.52541880057881
-64.06694556787122
-76.32165421765394
-88.44095473345749
-99.52897974441773
-108.41735733966537
-116.13309396675741
-122.45441114053914
-127.08596867161846
-129.70990706891124
-129.7745651493973
-127.37383587799815
-122.77848045497237
-116.16814627953755
-107.45565205683249
-96.75156424764589
-84.29162107919687
-70.44511457252506
-55.46614269041195
-39.385926253542216
-22.174731118611632
-3.9876600011984604
14.024598463306342
31.14567085701075
46.45936122130244
60.533164619269655
73.03626652461995
83.8437615960755
92.52856878232672
99.71694339263749
104.65684327599665
107.07801320237782
107.39993361942113
106.44616422411649
104.24316245230087
100.71016598489248
95.94298564673889
89.95712834974229
82.11299050678141
72.66254543344225
61.62252758196239
49.90332315363853
37.580061159412104
24.668417077267332
11.322097249244646
-2.290643196247639
-16.349769288947048
-30.58796002738913
-45.249228068269886
-59.60746959812298
-73.26779823126387
-86.25411837626008
-98.95826258635809
-110.48250390556804
-120.0447991686628
-128.5634717839045
-135.78605815087732
-140.58073235493228
-142.78580464146916
-142.4563168122026
-139.75793974505154
-135.04859629729063
-128.4205214544415
-119.80147055951262
-109.23034242229932
-96.8765120028901
-83.04144594604722
-67.90178952463987
-51.51702809082579
-33.84469520766762
-15.932330576812804
1.65717616182183
17.96993438986777
32.507960878639274
45.93934210123236
58.29299705944275
69.10213895167995
77.67313326151441
83.90698150929133
87.23197390231057
89.07828548818915
89.52902105059097
88.45635660105447
85.96620257858972
82.03618921085085
76.76694161144329
70.2501763221065
61.79187237434562
51.50048310810658
40.42548124200676
28.84221864966132
16.70732166638361
3.781141598215152
-9.55052830155932
-23.332069438021573
-37.38594874444698
-51.30600420735422
-65.0120782058771
-77.81862721366714
-90.50511116023046
-102.64605255398816
-113.0032972955125
-121.73013545206938
-129.679473596137
-136.26104666634433
-140.83634042498792
-142.72060583707795
-142.0195822534011
-139.01483657887096
-133.98615614392364
-126.84931345798005
-117.50444621447139
-106.2636711262082
-93.37637252459878
-79.06639355507258
-63.477954070520525
-46.713666484782784
-28.752958635625976
-10.712444384505144
6.740431298583635
22.63556956498008
37.21866109844191
51.10609557378476
63.88508042083469
74.61961683497456
82.73466263060207
88.1328443492851
91.14662722063012
92.66771908674258
92.76361932335017
91.16606945240785
88.08642103955673
83.58507125800149
77.74241858263942
69.94726544492701
60.55488264532977
49.53197715069046
37.69905891618745
25.339570475308662
12.22787963709805
-1.849938189134702
-16.406792467070915
-31.324495658879904
-46.231200218781375
-60.51109774567763
-74.19271766356329
-87.34769889307134
-100.2953164675583
-112.47601123578785
-122.67627040284361
-131.28018818881083
-139.21115479452155
-145.9005964323225
-149.75782480173362
-151.17417487963476
-150.12156289386053
-146.6899728025638
-141.15919679859124
-133.4671369890857
-123.56200991407934
-111.804555991494
-98.59531144996014
-84.18624288551597
-68.61239572902879
-51.885845899160415
-34.198274373763475
-16.04432289858522
1.2409122003945185
17.14917752270326
31.51085727622019
45.45428804494167
58.491709917440524
69.31448919520216
77.4390147451455
82.91198162860077
86.21584344624452
87.79731705501224
87.89830876569819
86.3791726375111
83.49219890950695
79.31226884342728
73.94664375231943
66.79283064749751
58.033245335404686
47.81321388399001
36.248028040965806
24.19694748718708
11.19729150582657
-2.2273606055055413
-16.219656807817714
-30.744880448704873
-45.25506253204952
-59.01561714234276
-72.12092060099125
-84.72682350863542
-96.48794804522018
-106.71974038899857
-115.39924517563794
-123.38495786893174
-130.13136164388862
-135.12317955530466
-137.53694067090757
-137.37597887631978
-134.7970719386898
-130.11040928387013
-123.42744547253932
-114.7857726223687
-104.3986817978321
-92.32320589721171
-78.78098513149459
-63.97325696702101
-48.09651920904024
-31.315624209695923
-14.761691432091276
1.1004577491277476
15.732948818359025
28.976853770136945
41.93623046565615
54.04264654291192
64.39633771953409
73.20708352795641
79.28894095550952
82.75306578930702
84.83337140643202
85.45284149044956
84.55139546188407
82.34754661840158
78.78290637737683
73.92574077023329
67.9287669555094
60.258790849589964
51.147757233603855
41.5236746819773
31.417328133279273
20.34577290688759
8.601509927789005
-3.924135043631288
-17.06856402898896
-30.34924099173812
-44.06004191908951
-57.11494541316006
-69.50026627821093
-81.84481795296239
-93.47968882200696
-103.42571370507385
-111.67887705716221
-119.21170372205985
-125.41192829264457
-129.81304701831817
-131.62329226300278
-130.87300515822463
-127.68079383908635
-122.51881555193219
-115.26475861513994
-106.02026110115715
-95.09538172530293
-82.72945282650203
-69.13171746991371
-54.428642486721905
-38.61185913403142
-21.81100146914987
-5.114925766545519
10.945349054004893
25.593143941893448
38.84355090413246
51.50988805950653
63.03504690197598
72.69909868670307
80.77147667980947
86.13292121349639
89.25791778852506
91.10220754160993
91.52425753929262
90.72660629618288
88.602306142246
85.29995933035589
80.82644806312658
75.27489815635754
68.03745749961963
59.28308646939508
49.89841779468613
39.977104874828825
29.533756051805206
18.280033249349433
6.349817282106247
-5.360436979280778
-17.29107963467686
-29.73166602334018
-41.619084653941435
-53.38254444551805
-65.3535313839001
-76.83035105198682
-87.11303891068789
-95.71449415283935
-103.28853377866196
-109.46571135518039
-114.23843339423134
-116.48079278924172
-116.42318843203685
-114.06081365156335
-109.54093102989718
-103.09797996343426
-94.66315601080203
-84.24543179154881
-72.88584785975853
-60.05414914558759
-45.91169538419508
-30.515752836777473
-13.996272565670225
3.3996528244654662
20.395192671726164
36.07376243936629
50.159004093919656
63.41002606280375
75.37830416602623
86.00906342510453
94.72095055937564
102.04063319752532
106.60227870283491
108.85526096720825
109.71109863330265
109.26416869663889
107.52051971427788
104.40646639975756
99.96942843896916
94.26808911714785
87.37564368161354
79.54444113494394
70.10933588219173
60.08828400397022
49.58218035573302
38.56919291348721
26.782772037689718
14.385845719632357
2.2296982814475967
-10.223897774537004
-23.22935709185724
-35.43765920752287
-47.168507909808504
-59.10612090349617
-71.00763873350293
-82.52475345597489
-93.05025029184192
-101.6534599104927
-108.74849228304
-115.10997918401249
-120.33167661856903
-123.17605597083339
-123.66784900549128
-121.67290922430657
-117.35200156204588
-110.85123753485347
-102.3396987484785
-92.79166685930986
-81.58055073446874
-68.85157302357685
-54.7216584131817
-39.33025786862248
-22.82162617691166
-5.5568639714609445
12.03338333919114
29.41527861971106
44.99280928412944
59.37806590306008
73.04994769962077
85.6667047649501
96.58983232724341
105.6640733134784
112.0804182890441
116.2301010193184
119.12179724499985
120.4376452211632
120.15619677633386
118.48128285288193
115.33251388418591
110.79267543303341
105.0125723931663
98.1814434418907
89.7152706775142
79.89617697445159
68.83473036376546
57.25528905702084
44.90874805348992
31.97988343310244
18.36777067392796
4.3369491130930165
-9.933307270308362
-23.65344118080241
-36.986409654515185
-50.606311386858096
-63.787101575181275
-75.90123089492121
-86.16361439786435
-94.69933522790407
-102.43166351413909
-109.0726186753192
-114.07611847888768
-116.44147285972751
-116.22549958813977
-113.53065710652503
-108.74727340397885
-101.95702705151533
-93.14862638040987
-82.55368206935617
-70.4186979758741
-56.950957394620495
-42.22125739757732
-26.303183681332985
-9.36163893568193
7.504917223457707
23.57672486102682
37.76595424703051
50.572782866213196
62.49746732862879
73.52684508572057
83.08771829119623
90.70743856964529
96.2743828390122
98.98832987800101
100.48696769614695
100.58216697296575
99.13286174274015
96.31824589362043
92.2598580801629
86.97714676595302
80.49609365124802
72.91798992481579
63.63328077435799
53.61120647897368
43.16919626383079
32.36554863779441
20.819700551660812
8.93305403492532
-3.5150248421591446
-16.531397696024428
-29.717999010500904
-42.989612124847184
-55.422016336098736
-68.22281031851811
-80.73015652201111
-92.37324109599668
-103.10598866680618
-112.1693856411943
-120.26917256500074
-127.26188111948396
-132.63629091451148
-135.3656681846277
-135.57892991195038
-133.44549068344338
-129.12991260212522
-122.77415452145428
-114.52556371220393
-104.57315657093295
-93.07259574649103
-80.20610690022187
-66.04662032263019
-50.70938588708514
-34.39348662652244
-17.543906118682955
-1.3087654999106528
14.49710255594072
28.884283601816616
42.58362994554086
55.42719829382342
66.6571598833014
76.36180933005167
83.56047762533895
88.13245959591008
91.23154615208314
92.91370405588178
93.14916096086733
92.08004623265938
89.77865649571122
86.17788604274436
81.32993271879972
75.422335934797
67.91977509650795
59.0419304850514
49.577390361053254
39.28763955815227
28.175858641911095
16.139266541070253
3.23542403922969
-10.138812388577325
-24.153775764289602
-37.71772011210053
-50.65689904149116
-63.70595234657952
-76.1257937113473
-86.63131750504574
-95.47495562628657
-103.7037760519344
-110.51530198985442
-115.29636880654968
-118.22612568365608
-118.52183809990095
-116.39210736160811
-112.12070420630111
-105.8884446658777
-97.71349992914804
-87.58206970297879
-75.57314845749252
-61.881394769674536
-46.74603520395266
-30.19960778247354
-12.984159030987222
4.451033194158446
22.07305973337165
37.82985959977011
51.85687505208599
64.88869041365422
76.5539568501436
86.41778308654919
94.30466220941894
99.94122631542719
102.59110429454627
104.04676742780941
104.36621732044065
103.2313713840502
100.74913048633695
96.8175263284269
91.52523322685936
84.91466722267961
76.29215916881891
66.59316111116387
56.0612894201599
44.11008931790654
31.507836665896548
19.12426812888766
6.631140638402407
-6.162621187370682
-19.258579200841588
-32.39015898149577
-45.50769041562534
-57.57749344881351
-69.75318799130821
-81.54332016098542
-91.47594267628479
-99.73384712960892
-107.3013330346395
-113.4726296264401
-117.56721024078846
-119.06672001002751
-118.04866497884257
-114.63616894718773
-109.11745153419098
-101.47293459881134
-92.6150969143782
-82.00123818458535
-69.85727330137979
-56.386519462002546
-41.64009246279315
-25.579768870475007
-8.363700790764497
8.743519458579051
25.077314478100778
39.80884632106847
52.96497165766425
65.69653270274821
77.27737107184161
86.98263292063487
95.06509030912206
99.97818571745835
102.89393280170123
104.52573996014961
104.79665243941751
103.59901777106354
101.07741660514823
97.28926299718209
92.19661039986859
85.94557454217454
77.8606062759816
68.03296968984694
57.57702273911584
46.66848763363376
34.830955860243485
22.233701570226998
9.202730976338314
-4.148216355075412
-17.813595929618064
-31.944642168307276
-45.07670644135583
-58.121378747755934
-71.10028415949847
-83.29014606161554
-93.50766184517505
-102.30583261804826
-110.52719595843418
-117.26036658513529
-121.89683088192686
-123.90630765854421
-123.32146938319939
-120.4884811753822
-115.63438588072145
-108.57319324439064
-99.43106182312403
-88.7585777520162
-76.78232363070465
-63.558053042012
-49.02898831744995
-33.1825159746213
-16.843705619938454
-0.459616870077054
15.291020207891908
29.19407875555502
41.652800350274866
53.68455611933428
64.48944118260538
73.09141798581626
79.32740056396676
82.80004637327097
84.56339314586413
85.04247189827481
84.21940463298559
81.92002089897707
78.39554366319435
73.65610328637904
67.79352687143678
60.84008433349746
52.04355541273012
42.27198084228493
31.738567168727645
20.462020095037246
8.460002171943392
-3.992318735529652
-16.820814932837582
-30.005720087535007
-43.15222632692198
-55.86397122166416
-67.83243760808126
-79.72549573137627
-91.17654608261697
-101.13842394063124
-109.35447901234423
-116.83587282475541
-122.92926046563719
-126.91465037914384
-129.06236026129488
-128.61796506829424
-125.82497622684959
-121.00182131549555
-114.16564700503032
-105.14898116994776
-94.21559380794578
-81.66769775920417
-67.63891530787681
-52.3314205696663
-35.881860576796285
-18.485082505877756
-0.44314271665779126
17.446756626183017
34.23808999393618
49.25461398697013
63.65936525979587
76.84967911253052
87.7145480243225
96.02500440161566
101.78266456192257
105.1277490591281
106.91022413757122
107.2002653915754
105.78731044716851
102.85416252306598
98.40370785821618
92.6198321167381
84.94728638557115
75.62363925510272
65.0081814184728
53.0246003028083
39.72014246652847
25.24674769653858
10.484502900506099
-4.582065537624347
-19.845219807453688
-34.995218597942376
-49.736928723066534
-63.885024569967285
-77.19093893604376
-90.01888847346227
-101.63241153491128
-111.09639158771832
-119.49259714503921
-126.44135705558669
-131.35919704022885
-133.51385925267422
-133.20577032349266
-130.60431579703646
-125.8314034766953
-118.78655211743843
-109.69052493319259
-98.84648756976736
-86.54693954935826
-72.94466762677395
-58.024185937377595
-41.82028259564786
-24.55469162443952
-6.69171935965642
11.207586308961492
28.051771169868278
43.0070270926166
57.19260961732925
70.27140336202142
81.25583465239711
90.3418957251039
96.85325080630713
101.03743414455938
102.8923991112483
103.40013406748687
102.50406160158967
100.22305858585935
96.60195369191696
91.65020615738995
85.50860159808519
77.68465623536127
68.31101288391622
57.665667960286186
45.97037011329593
33.45170034967802
20.92997666866596
8.429862944036232
-4.589024211302319
-17.616972135173096
-30.97594041370658
-43.92527294785702
-56.50562625301282
-68.14649353747741
-79.27210666135535
-88.78087322455102
-96.39700213940195
-103.41794788386991
-109.15918382453556
-112.80690432468397
-113.87678387136597
-112.48371069864564
-108.77476429869424
-103.02858212063728
-95.24903176520614
-86.11368843418411
-75.90957972419244
-64.13617757707674
-51.06955852589122
-36.77001216259737
-21.249032234413573
-4.819875013973
12.11024081397828
28.93390571432038
44.604013709680565
58.32404467289183
71.81353786985686
84.30945534704365
95.2529817986492
104.08478744659428
110.06503406994103
114.03750651402092
116.56999630983927
117.64839898557948
117.15596165907857
115.27162946066731
112.00106206283341
107.52122008732576
101.88749018889916
95.27744078315544
87.15965141955449
77.69851633279262
67.04299650045522
55.1707242841321
42.86140271755515
29.94967693003011
16.667102646388056
2.7277496889570405
-11.197892028330656
-24.399223978661695
-37.58213238159995
-50.657468628742116
-62.85932689981274
-72.68879192754162
-81.01125332526121
-88.0139435618181
-93.32481995630881
-96.51887594506536
-97.74629407315246
-96.38202030698089
-92.72972560508748
-87.00193023976422
-79.15047744674466
-69.45909835488219
-58.20444542039737
-45.64059948638771
-31.903130691450457
-17.015550180092124
-1.1708284764834906
15.476203443480864
31.961094646675065
47.94290648742028
62.00908889270839
74.9664024035499
87.09183053931018
97.73847481773866
106.11575934201474
111.91615891069034
115.05608066488259
116.58140107450251
116.75265542514514
115.63917234621078
113.16537850248781
109.42092474196646
104.4750378636635
98.36105055394853
91.23230477308374
82.65007434111521
72.77584987120376
62.30886412047004
51.145563135377074
39.25152529081075
26.625183485092823
13.859493856164153
0.6284913422144119
-12.49924173498647
-25.08791314602887
-37.15340984309742
-49.46756428666245
-61.71957108199154
-73.46586803276004
-83.80031528767718
-92.31829245360659
-99.90280759426179
-106.20536689074636
-110.77034111930648
-112.6780187356181
-112.12996762873182
-109.1955724133222
-104.16299364872512
-97.08080571879869
-88.04278892509372
-77.74962726254932
-65.90393714645616
-52.753972612853794
-38.397953399694345
-22.808845808355397
-6.2241706537958
11.035740155124827
28.456857452679216
44.567448073025176
59.124349158117504
72.98920138874779
85.82927900266179
96.9885966270648
106.53143595472446
113.57993823537174
118.24938390943309
120.79998645985465
121.77318820114183
121.37815235510806
119.36356110048413
115.95569286315231
111.16853503288942
105.12526801741328
97.9369047282618
89.2104912327519
79.05737256495998
67.68996225518788
55.84990642316314
43.02436633518533
30.092625131515163
17.360164666352453
4.269841997648685
-9.338034716474498
-22.570037125925037
-35.483139448654654
-47.822015076177
-59.598645031944635
-70.17237189439648
-78.73924676749573
-86.20183190502814
-92.38439456129066
-96.81527122058269
-99.16911094870537
-98.89122849910052
-96.1458268291362
-91.26560763440622
-84.43414349809923
-75.41683412547582
-65.16195099988813
-54.10115821290254
-41.5763330007327
-27.781625564984097
-12.713061612337802
3.6116108062412535
20.138354566749694
36.462600483573446
51.63778956841464
65.10682703351205
77.25850688880189
88.0256542314663
97.18171611959903
104.39075004671423
110.15750962435759
113.09313517425387
114.24837927080986
114.26036468672584
112.98859049536347
110.27393823553844
106.38754499177416
101.23701812155419
94.93004030733141
87.5011392343137
78.95401695504842
69.4480697419325
59.11365644234678
48.17606098718876
36.718194327058654
24.97285183028789
12.918755535682443
0.4414036247144739
-12.225102588018483
-25.43019281463617
-37.79739565290724
-50.10242061772984
-62.55907533624194
-74.62153866021386
-85.33786425976487
-94.19048320007373
-101.71685855087394
-108.76508507861563
-114.41928555983161
-118.06769848077256
-119.29835183113266
-118.09916251755728
-114.62142790268062
-108.99148051053872
-101.28432834357761
-91.68735463775961
-80.5155837177074
-68.08002069736531
-54.52419816001666
-39.77792359697528
-23.895268385901474
-7.220346265723395
9.74452275665843
25.55781363932149
39.56149584815634
52.51041928381693
64.96516785258054
76.11454657181031
85.18103008924403
92.89618420878003
98.55290590270769
101.86448148425768
103.61486084616509
104.11214694445414
103.25587244544647
101.19605739728722
97.95157009440871
93.54334867299076
88.06732129276715
81.58546995018573
73.61755787331701
64.39951580099265
54.78225191944424
44.68781712806014
33.96017208985482
22.791270524690095
11.118240072825909
-0.8369025600048879
-13.477234802815055
-26.076496564421838
-38.16215758622433
-50.40002380067551
-62.56384368081346
-73.84743546048175
-83.62354332127795
-91.70681547181626
-98.77621567988449
-104.50001049978817
-108.87926536086647
-110.90426381863931
-110.59481233684114
-108.10322667196263
-103.5777787771494
-97.16006016119975
-88.9926108787482
-79.18676210401806
-67.97434093375901
-55.54734488320831
-42.08246051311073
-27.55717304199247
-11.945442819748038
4.418457792964013
20.13288349961123
34.623643022943135
47.706472867077096
59.86734503650496
70.7969745160974
79.71998591663238
86.38249814963103
91.2997577539211
94.23139782847521
95.27967227959535
94.42517585955085
92.26076640179406
89.3128338083739
85.51663459963987
81.01552466718948
75.72319419368307
69.54590440849518
62.59110389913485
54.32197028213968
45.71843777667148
36.73591636155979
27.339608765324932
17.67309754694274
7.59016569364947
-2.173778685267831
-11.839164280231069
-21.23597746958206
-30.60306470699059
-39.47352098101157
-47.72171173943689
-55.82028846344298
-64.04956589053062
-71.72808520562955
-78.55238649332404
-84.22404744084092
-88.90361669964878
-93.21525044191351
-95.90885554204542
-96.76784765173058
-95.74847443978796
-92.86096408744673
-88.08799698529215
-81.55165431910137
-73.50734921859964
-64.07242305265265
-54.05217740533707
-42.89519680007596
-30.98028713812371
-18.17284906098635
-4.351496269876996
9.541738967569076
23.098897752952894
35.9013934446952
47.55035358283588
58.018962218914545
67.7868568610725
76.08516490788902
82.08888761303722
86.40377423048577
89.30724684987347
90.44848003399673
89.18974348178952
87.10217042562488
84.29551932823544
80.65302625464456
76.1115054849592
70.61924569283639
64.13257657588899
56.60601700701496
48.27953105728429
39.216798842615574
29.467099301258344
19.22803805502885
8.681814845435738
-2.289261696814819
-12.718056860135816
-22.202221129590793
-31.36129596173783
-40.94912520840574
-50.576421945600316
-59.409040513362925
-68.61422100588725
-77.96224965593221
-87.09489431063616
-95.60615893362744
-102.82573700781386
-108.74696207839843
-114.01521707824195
-117.62919414578238
-119.81936383719753
-119.6993545043077
-117.46985881389611
-113.124350372871
-106.68009903359776
-99.13818424450088
-90.6398854696237
-81.29682320400612
-70.56479243406477
-58.560103100930974
-45.35682690118702
-31.12814201907407
-16.029025102756133
-0.20207028890476558
15.152303705798566
29.419580464139404
42.55415819622887
54.96048394945233
66.20250296587571
76.19548044210144
84.28500575983277
91.29408798401383
96.24962058451935
99.3535655521179
101.10589515269778
101.94660166767687
101.6069236642722
99.97619526296204
97.07461995844855
92.9126960772762
87.63019356380342
80.63392467848064
72.00889895250062
62.7945889396884
52.939998019784205
42.357137661934026
31.07228904534091
19.879713596760865
9.066913679249595
-1.372231929016431
-12.666021089399912
-23.810345611449247
-34.90337388722731
-46.12207011844346
-57.398351139196905
-67.88155593193233
-76.32759382250343
-83.30907227672473
-88.97010290691463
-93.1795974835951
-95.09615691706814
-94.66402241711715
-91.94446133486392
-86.99890652696372
-79.93498897662333
-70.71343217481234
-60.286481004981674
-48.85207163832561
-36.77575878788493
-23.54271311694913
-9.26360546324758
6.008888038255199
22.243207952211204
38.93158937043115
54.780669023543574
68.84018811540986
81.79640729476925
93.83860285312926
104.52720080779423
113.90413756064395
120.12134047618713
124.19589954916889
126.27692770835647
126.6599906172693
125.7535137798977
123.44687374515769
119.70155321596313
114.5808625901212
108.3039519233615
101.12449951595464
93.15796449233602
83.79628117692508
73.25980534703642
62.10227820312258
50.041846906857586
37.09970024794844
23.465865639428475
9.585595138499245
-4.6679316749644455
-17.711039373969104
-30.661648044022908
-43.35511870553444
-55.48839305101374
-66.68650982206792
-75.81508656729176
-83.83154996361515
-90.39314867950084
-95.23891248766263
-98.12153826269154
-99.16696149709996
-97.84369204424377
-94.39705915110157
-88.82958248202185
-81.19167197659611
-71.64287956783508
-60.49276682939066
-48.04619406695275
-34.442778400088024
-19.684920220367005
-3.968230405959284
12.42996177337686
28.51672998791431
43.56834770821541
57.172632745533136
69.8228538908366
81.32324404163097
91.22509786679797
99.64430156983519
105.74321706750483
109.36956467508256
111.40716173790669
112.06397763349874
111.34422583688574
109.21535391316043
105.83726845134687
101.17890831382613
95.4077819348301
88.64546967497292
80.39771415419249
70.91511717529275
60.915148202552245
50.36202067718771
38.55975367929031
26.13346679831296
13.821157760812774
1.8075665165536985
-10.91598489996208
-23.255853152171966
-35.13450537571871
-47.21479737152802
-59.11730639971057
-70.13825731194063
-79.11936946235605
-86.60320897909634
-93.49442048056903
-99.14420459562267
-102.81964727026369
-103.93303882469246
-102.62575600174011
-99.17884638457798
-93.72715225352901
-86.16330644065529
-76.58040598885219
-65.86119369157377
-54.280924060394696
-41.35698411682156
-27.26513658768875
-12.013443765648042
4.262865316185467
21.180583742555644
37.347655674836886
51.66409084325781
64.93990618718873
77.73929781813662
89.26275004781928
98.73761289186173
106.73641882287411
112.30445360678704
116.00428211976539
118.50017637950216
119.59500642536534
119.15326908985416
117.29178439036458
114.12640503180232
109.67203836374235
103.97344617070975
97.11129090736634
89.29973900188388
79.9380241325975
69.96459732314706
59.378944979363006
47.72080954326701
35.49672263020014
22.82747651673943
9.912317333435812
-3.623129063706802
-16.760285484414062
-29.908044481240353
-43.29522481838312
-56.218086741604075
-67.77644683485784
-77.31546452479584
-85.59176652499252
-92.6067897937579
-97.92053105078757
-101.18891119179494
-102.5672246077804
-101.43968336537782
-98.06354863979138
-92.64490761605937
-85.0903706802856
-75.60725742270958
-64.44323838226406
-51.776421970214734
-37.76139462886816
-22.564434068850762
-6.2945184963735725
10.81064198348332
28.294594059686982
45.247188248669005
60.59408703464326
74.93327871753611
88.15679595555311
99.85802193751084
109.47653650133141
117.32468740109422
122.57348394480182
125.43588201536159
126.9453638180719
127.15335349806867
125.84325124936674
123.13955662123783
119.07163751390199
113.69938683373847
107.21275331135507
99.16072962904481
89.70548942014354
78.98387492814359
67.20273694747982
54.57504197063066
41.22678709769588
27.258969738521213
13.433205845452902
-0.49049469155495357
-14.487713252920427
-27.832380976072482
-40.64997706917853
-53.49285530720095
-65.89408799127557
-76.67208108930564
-85.71464455857569
-93.79932033007134
-100.65540835635768
-105.80754870642153
-108.41843036374516
-108.71106448976245
-106.66123107855246
-102.49608066226492
-96.24708417641241
-87.92246111566399
-77.60812059643668
-66.21912924892388
-53.39988649683818
-39.444893911367004
-24.332005673207888
-7.919294609886783
8.827521959926734
25.17080300687411
40.11492673336032
53.843914580328544
66.57511414636281
78.08627479800865
88.15907676434801
96.39582625057297
103.30621975781084
108.07551007569559
110.39179419772633
111.3235175302702
110.93167230760194
109.14860469550649
106.03988211058284
101.6397453124904
95.94872098255941
89.09641441672673
81.08990155621468
71.98458918525729
62.20390799796965
51.93333755222873
40.87328363888925
29.481343461318733
17.588546642270806
4.898566209182896
-8.228263417289398
-21.993941211954127
-35.64266806153161
-48.64817330291796
-61.77111393279097
-74.66243386819635
-86.68019056025561
-96.88754346708322
-105.33968533034256
-112.96150309697956
-119.3916651464343
-123.86019318153508
-125.65050877482102
-124.89588284351777
-121.65803377566783
-116.28314648760103
-108.81293731789859
-99.25439712462789
-87.78748922945678
-74.73068262028941
-60.31527944289648
-44.654655256171935
-27.823903953093033
-10.073232639486049
7.554775495394927
24.50354746287948
39.65637674624529
53.28333920836373
66.12366564854146
77.97729089685635
88.0030115819266
96.52942688521065
102.2012717489948
105.25377054333153
106.6784370996703
106.58516368303837
104.94451132356866
101.79850194168483
97.27441840172956
91.39925936670227
84.31482772347658
75.54080531919097
65.32766941129205
54.46811009746929
43.03643187994746
30.971968707245065
18.11831214150246
5.643543959079163
-6.531950732159639
-19.09611987723979
-32.3330674673332
-44.887047227743224
-56.920847061782595
-68.83587392800655
-80.1991054124922
-90.0834224914098
-98.19081213254644
-105.27293823476366
-111.04671835713008
-115.21964894079463
-116.8549187009985
-116.129224751304
-113.09873812957382
-107.9413761749179
-100.56295574757489
-91.12142670948838
-80.67716283620592
-69.48666399538392
-56.88833513674564
-42.93781591573569
-27.700070762162927
-11.27153419940961
5.449634359901762
21.930379350105444
37.27522466440006
51.111182440376204
63.88645664808772
75.31713568061181
85.2997095213902
93.40465833599859
100.16639651375185
104.53818205352037
106.36613874998982
106.30668590289109
104.98946548962476
102.37501557395387
98.46898254863395
93.31408193887839
86.8790891988112
79.24564692608517
69.78761605274815
59.269702734768074
47.97409692600436
36.07557133340377
23.79646407930373
11.207892354140133
-1.7559399817276096
-14.532803835733445
-26.868947926929902
-39.8969052294037
-52.58367941283372
-64.60284786577827
-76.22399088715024
-87.56763126069062
-97.91464967602546
-106.34033597501828
-113.4873892851642
-119.24950246840083
-123.71396505708756
-125.43414461604611
-124.74204225019726
-121.73162697576412
-116.60260867034822
-109.64549494696712
-100.80458647355225
-90.09817879907558
-78.4481557932043
-66.108877237097
-52.457388375872775
-37.52473362129429
-21.27125650796712
-3.808127021538574
13.6145925400302
30.243823728045324
45.09558860010651
58.75007550772599
71.00473643816063
82.20070896747914
91.55294539898716
98.9201087057525
104.67441736416458
107.73542975112618
108.20144180107766
107.57270965861704
105.76362776503451
102.64147372476278
98.2748042529127
92.65234744762222
85.86421622942908
77.95174507633969
68.8561446320881
58.77544214897477
48.06515713134931
36.89803512008366
25.321907619714136
13.342832366440076
0.6088081406274387
-12.784809328901298
-26.259961010194186
-40.130834574230605
-53.144785375774276
-65.24571950301299
-77.6037783466046
-89.71530617947246
-100.9134051834611
-111.07912344627287
-119.63201313993812
-127.63227492905267
-134.23266201327422
-139.2970293606015
-141.7606537392382
-141.74502565486893
-139.4093870143059
-134.98563735488077
-128.50255547481467
-119.97886520384624
-109.61734180024953
-97.75406847550384
-84.55507996412763
-70.07461525294191
-54.33486714472166
-37.49320923550559
-20.623377838590116
-4.3068265650675945
11.28915420038062
25.4010885000972
39.04879024274894
51.42071339401673
62.16944974380859
71.41764731531588
77.83197026590244
81.59364399489763
84.06143542786978
85.23018633079623
84.78432900033049
82.9601384651786
79.75465303212661
75.3030746779207
69.67568522026389
62.2445625676084
53.10193287057971
43.039840896819946
32.27644563134014
20.877468077287997
8.882293349226478
-3.8335088728100386
-17.165686290455533
-30.65298021624417
-44.65804764227746
-57.92830710890686
-70.49145563435982
-83.23734042848795
-95.5761423935928
-106.43221294378478
-115.19370745541808
-122.8784183696306
-129.31480903757043
-134.04961773339923
-136.13625341503953
-135.75554815135115
-132.97250541744563
-128.0606375539434
-121.26135177865683
-112.53347996793873
-101.86992992728298
-89.54295952532013
-75.8685343083472
-61.00253900157718
-44.926333174188606
-27.747347155301448
-10.451934463025383
6.4979849930517375
22.14680183094194
36.19067556652903
49.33121680876152
61.37342551188149
71.80321452859992
80.1078729394058
86.80910946909978
90.96959556595299
92.8420253977924
92.67993233055078
91.37815390683264
88.90088077741459
85.26273386252929
80.46610107416865
74.45754133804985
67.33812238615018
58.52326600201766
48.818534195972674
38.30198731546309
27.44548841179573
15.728027691262145
3.274626962840803
-9.106214577604575
-21.356190565648994
-33.57926103956245
-46.200790779244514
-58.38203041392568
-70.10025205306243
-81.19304530352217
-92.09951518885175
-102.19012335349917
-110.09921142147854
-116.83220048546208
-122.29023381107115
-126.3935813833379
-127.83221383130103
-126.83910276079317
-123.41157932232731
-117.8730580321956
-110.41549038466404
-100.89572060221528
-90.27313819155313
-78.64238415655794
-65.72297271223017
-51.60639451732478
-36.17337674240966
-19.59805303644757
-2.2423524239389034
15.606949671080736
32.62101568887252
47.49801123623522
61.515593387329965
74.40695593251651
85.9620789138461
95.50142359581035
102.92277491389784
108.3418188331542
111.8354646100189
113.97510243769018
114.79200908204814
114.14149416743825
112.1243514631895
108.86699601055199
104.42066088362645
98.8310894703475
92.23245557552255
84.75239909335441
75.67036775690896
65.94395142101135
55.510019837314374
44.00811328109902
31.667020290084327
18.754243454427733
5.643444173531797
-7.290536886302741
-20.176618769342728
-32.97387715243581
-45.86932560464521
-58.39732577552261
-69.80488203524895
-79.01113042618665
-86.8512182934124
-94.18865322387849
-100.17401975086285
-104.06840340935746
-106.05403906260585
-105.43959350406838
-102.46117778481964
-97.33848553539548
-90.08656447762719
-80.80380505832922
-69.79545034335281
-57.47340045602155
-44.02676940453799
-29.52499112596854
-13.912950955195539
2.7201606264379077
19.182774920686693
34.77097668167091
48.10242947996118
60.22412214816123
71.86351767708224
82.36987955265666
90.89370291761607
98.08106106444981
102.96159268528682
105.89517705221499
106.75077516060553
106.24549320036346
104.38996996322003
101.31281776510104
97.0387194634446
91.58444151659837
85.00582078345697
77.34625725698201
67.98189204561363
57.900455926481094
47.34255398446737
36.472901991270156
24.851936207536568
12.549130840266518
-0.49033053123796017
-13.858177165664184
-27.79788879658755
-41.34105281804679
-54.75683954660575
-67.62506371975458
-80.31780154604252
-92.53457536027871
-104.02093632175894
-113.87640570868157
-121.88996948062288
-128.93255360210478
-134.74375234547256
-138.19232708577252
-139.13856192292744
-137.70724526458147
-133.8307591943304
-127.519247323349
-118.9353553465299
-108.39082711175679
-96.31411251860523
-82.95595657038162
-68.44115546297769
-52.685225670199614
-35.77975774681281
-17.980291748957477
-0.31579629959266464
17.019495258892327
32.89019933511078
47.07085793138183
59.93482100174611
71.28153399061459
81.0347280620507
88.73287821052084
94.79915794164071
98.0216332696831
98.99297835688775
97.98445423064022
95.82442279860977
92.45401095884617
87.92292685012272
82.191711238487
75.24309427302369
67.2254904717457
57.56556787577447
47.1601133492698
36.00650999563532
24.39032816615443
12.368019397608412
0.2616919988209525
-11.291256993833786
-22.72113823212529
-34.39270383853336
-46.59965762748093
-58.091195771645985
-69.19526290736763
-79.7339487604131
-90.10320087286503
-99.6219747359927
-107.29102990258797
-113.60689757790131
-119.41762376473528
-123.9730575118211
-125.92471752850585
-125.50999020359188
-122.82804327433362
-117.99833738381446
-111.15828176770799
-102.3291322595783
-92.38329971555417
-81.42987602751886
-68.97896387865094
-55.19166261999341
-40.0379581263493
-23.602326534449748
-6.0973857973119285
11.247311449750114
27.681969601507028
42.19800790322112
55.44602754486125
67.89820058563124
79.08087318388746
88.29357801246412
96.11961859513355
101.81214070456164
104.77646499438224
106.42897731966268
106.7385215695397
105.62940825320315
103.1826927076881
99.41448612354758
94.38534262462251
88.16680067922665
80.10651273444958
70.28130378616672
59.74104836876506
48.71007360905406
37.02543274265508
24.56160035047057
11.813999475228256
-1.3088980226666131
-14.628108111537232
-28.53006880390608
-42.34594976678031
-55.327714668040365
-68.53338421899437
-81.44192865460413
-93.47612558135472
-103.8217097579536
-112.35822563284539
-120.06595726451818
-126.63711163208889
-130.6541579935537
-132.15326237238585
-131.3242688812193
-128.22601239748678
-122.87996137391016
-115.37045765440193
-105.89373722935461
-94.81020673135323
-82.37684212529602
-68.65158546210495
-53.594878345056216
-37.269261407777044
-19.966521580952286
-2.1822330999767594
15.394707410491032
31.24489443658331
45.59463227353181
59.15345875061189
71.75497128314628
82.57962031289803
92.020522416841
99.57536876571886
104.47924601061156
107.15525366164707
108.69667353719103
108.97132528464216
107.86499437253458
105.45828614125577
101.67225957931889
96.58741213596556
89.62075685640644
81.00026489416409
70.94878007634162
59.86984772019516
48.566631287390635
36.55022583742404
23.873924216276816
10.392124553537625
-3.4991635746616048
-18.081159678102008
-32.74836156954975
-46.75123546362359
-60.230014002221914
-73.86542312246793
-87.14364163350668
-99.32265542781795
-109.49014472912113
-118.22520953673761
-125.61889327857789
-130.9233491970496
-133.60218379984593
-133.85057572657774
-131.77770617370112
-127.55949052350084
-121.09861447136468
-112.37003603350358
-101.55909186113277
-89.09314526817501
-75.21980079503476
-60.04040653338077
-43.518278327358914
-25.878003301361577
-7.457029318727883
11.239444357047663
28.853099613024
44.65425556249624
59.07171370597232
72.34245639980533
84.37478267473197
94.34040369194854
