24.479467223479183
24.358141684599687
24.218595543714777
23.987392460109586
23.723976288387018
23.41810838174991
23.08592808165701
22.71546787491953
22.331072690106662
21.927437919162735
21.500148163214842
21.023463643121584
20.51065270020266
19.93211225563981
19.30660502545223
18.628238879652063
17.916388883839957
17.186287685954493
16.424984328331554
15.632024371858874
14.804221102544478
13.919167362002439
12.979951406065398
11.992429656513037
10.959673164319408
9.871180529776838
8.735049852373963
7.534475789157912
6.2902816413421325
4.978104138679546
3.6114644768863533
2.166556069004387
0.6482042331969978
-0.9382992144846898
-2.5960893962487295
-4.343648066036364
-6.1976715319422055
-8.183528649201692
-10.31093781539518
-12.559253672323148
-14.942875511768808
-17.422785671168448
-19.99317103675504
-22.634932162496543
-25.334027314050783
-28.038491048517905
-30.740843134029888
-33.38126704307118
-35.94809284519734
-38.38967534453365
-40.73173835436358
-42.94145321585194
-45.01261443763726
-46.847739547090235
-48.4346270976483
-49.72318536813418
-50.72337560173644
-51.419238382966945
-51.82673293093214
-51.960969557112314
-51.813091012071865
-51.42074865522614
-50.76079255599108
-49.87567042400667
-48.748278105050645
-47.40096519427431
-45.84035302735424
-44.057237111000845
-42.092647832339416
-39.9285539447282
-37.60158777261618
-35.119444726629446
-32.50475579315001
-29.781338720039454
-26.956437258022188
-24.038327558103123
-21.04717555302027
-18.002860550326023
-14.934483874372196
-11.864621420954437
-8.777661262109351
-5.7374535258711745
-2.7477459058316893
0.1332186750402129
2.8630322149100462
5.4798605004513545
7.946164609454072
10.290318115345224
12.442352710385006
14.429612038217885
16.159775533042595
17.727259340563272
19.06681333727325
20.229779829681448
21.21462869138714
22.01443220641697
22.693484344201163
23.148333725933387
23.53176948364226
23.682234923292885
23.805293143152873
