136.43245776526456
135.14579758697897
134.56635037456175
134.20297311498413
133.9416970360739
133.75400422799765
133.59490849576187
133.5038696908865
131.8463077472284
129.1540745328718
125.76336541380792
121.90956988302939
117.7271951266585
113.30887544471342
108.73906163379621
104.06533978277612
99.31702377401082
94.53621556194106
89.76769749270204
82.34253495534048
74.6423379766703
66.60225577267629
58.23290134636124
49.544711705868586
40.57768845523209
31.449406818165436
22.258848258804548
13.734846535883582
5.830806713510261
-0.8575381475869319
-6.340435382776374
-10.658788089041808
-13.826311041179945
-15.902629643704202
-16.92227136189764
-16.933150650907333
-15.999274448387718
-14.202159717303049
-11.629122602402122
-8.362978666316797
-4.486777797618518
-0.057606944161499404
4.857040275868371
10.191100319428557
15.914189697254061
21.235525903315335
26.220313250631328
30.898237073733597
34.702965918143555
37.666244908738285
39.828660132334704
41.0560369872722
41.50003644482898
41.04205045776841
40.268873292952264
39.22612350263976
38.077390117813515
36.84015000281556
35.561117021160484
34.27642456381453
32.260322210302206
29.58736439963255
26.291213956436284
22.30814185045515
18.337716940847326
14.377346382497759
10.426771904245228
6.433172472109959
2.3408418046552
-1.8606614040510348
-6.033053088391526
-10.286020185580693
-14.456733135998968
-19.05454802422449
-24.064351777820026
-29.57506042407542
-35.537121515588304
-41.93943243966481
-48.74189635157658
-55.080809285453526
-60.84923737745405
-66.09625131990344
-70.83675950503402
-75.16959478768314
-78.49340198225113
-80.73964160487083
-81.9525027803929
-82.15854247555619
-81.40372138166566
-79.7182395876864
-77.16328875223552
-73.80138463264153
-69.71817102760357
-64.99389515278123
-59.70649833986066
-53.90374825613353
-47.64893860452064
-41.017396879875704
-34.11569095686216
-26.956828544445575
-20.189329670975564
-13.796623724683982
-7.702373638350893
-2.44225272751391
1.9184935662298852
5.300741915624723
8.343205011480537
10.828404536428174
12.337261635727039
13.058998025427748
13.42972244966304
13.497410911813613
13.467190775299091
13.36884649777584
13.247418416483445
12.373860940343913
11.574427989786447
10.834153893541856
10.014942536115223
9.038401940139604
7.90968446300825
6.637275003543316
5.141232668870638
3.412234285784591
1.583712796232256
-0.9476206129575567
-3.886957364138386
-6.736324782702772
-9.603483987136263
-12.864559688822332
-16.506552519470507
-20.673017486188115
-25.332616266892966
-30.460495029951307
-35.1558036441055
-40.07733572846765
-45.28253673262814
-50.72612068964503
-55.037479029987495
-58.24018127312974
-60.34938255681221
-61.40031014613244
-61.43057354203853
-60.487402917394455
-58.619552401564185
-55.901655159723354
-52.43687186061134
-48.30753140182392
-43.59024333093868
-38.34435986727061
-32.61626726826288
-26.461202711847182
-19.93142515981582
-13.076966666135023
-6.653867338080391
-0.5316880151275009
5.212201318535685
10.074794695207972
14.083156482770697
17.123239975259555
19.15044027532223
20.29620665506532
21.118412353055852
21.62676919162463
21.87631218176096
21.964773275083925
21.926734519114802
21.80486726267368
21.643745616901406
21.475266334609724
21.330206443632704
20.452980681814452
18.795094609378896
17.003042600381466
15.054413842058876
13.017438058286482
10.799419591118797
8.390929550447034
5.90392741591169
3.4132452501417454
0.8562993972009431
-2.2441180581517357
-5.825947283760751
-9.877794700690098
-14.428407611412036
-19.43392559436899
-24.83479173883771
-30.49041002846389
-36.37135375360877
-42.44506204822326
-48.07828095870761
-52.59407880500559
-55.99222098586627
-58.30149059286556
-59.56246245369631
-59.81386687246994
-59.099740481913734
-57.4635377832787
-54.957009449149645
-51.662700462424425
-47.67723224768586
-43.080458160292125
-37.94834483501349
-32.340069864286875
-26.318638129730132
-19.893961059310904
-13.131516496712331
-6.763899957115373
-0.8453991033481841
4.844196437954122
9.660626432875889
13.603209766195727
16.596815354383924
18.66028748027754
19.869059763843193
20.61177731982791
21.10404662759067
21.370639236901837
21.483960620541193
21.493806684717
21.427682259317283
21.32934093666822
21.22652464906108
20.381948859940326
18.7806548165821
16.37103234416284
13.882416155909516
11.360355078158388
8.734737911221549
5.967895940580914
3.072315015686793
0.131109321412492
-2.8490677772686346
-5.898228820196067
-9.34822521233176
-13.340920272120298
-17.814794924106355
-22.77056279208696
-28.191356051361524
-34.026162700716
-40.199964946480186
-46.54117800257554
-52.33635859828623
-57.601991809431276
-61.63938620954857
-64.61845941950965
-66.5114600957673
-67.36321653777861
-67.22157558231963
-66.14667581970328
-64.17730346682146
-61.35063646228601
-57.733450679871446
-53.40396395571633
-48.44383446426245
-42.935932304926304
-36.944452215496
-30.53702647563132
-23.784737607891525
-16.692993297182856
-10.083352048726493
-3.8286171146444468
2.040228540131767
6.846472704272001
10.816961012603459
13.947353739797672
16.160874160366074
17.441976864169593
17.897682842831195
17.979725859784264
17.801509609913012
17.442631848476136
16.994092714044058
16.49019017760794
15.95108120654767
15.40802339873571
14.898398646403765
14.436797294897561
13.944288525641653
13.323283977922562
12.525496194835213
11.594406057363438
10.50764503483504
9.206109608405816
7.662888342610625
6.010072426608376
4.310154959182292
2.500028800431296
0.21147127436329002
-2.599053757715352
-5.952754921029653
-9.867090981267182
-14.302453580087239
-19.201939399374854
-24.450380555342697
-29.888638893527354
-35.5678389901482
-41.515223254632
-46.325188210170325
-50.02447831464996
-52.597949744074846
-54.10880096573597
-54.591954281168526
-54.07431504093704
-52.63665060117153
-50.342515635926794
-47.24909008200981
-43.45930427654232
-39.04943473060011
-34.06512005352847
-28.570476427799985
-22.63679406777986
-16.303061386188084
-9.596478107302469
-3.3521788264372794
2.5262036096152856
8.077909505216502
12.733917716607678
16.542443305321925
19.46226516458215
21.48608073991438
23.269666128935427
24.118346802882385
24.069132979879353
23.771511678416335
23.23609163692419
22.63021113838527
21.97004364030502
21.278763140678212
20.58825668432475
19.937806918196475
19.321047688270202
18.640663658544554
18.565740228004255
18.31416750005069
17.91390413306122
17.29982321375906
16.44559436571437
15.381301529219574
14.183047351590771
12.231805081985398
10.269055537499757
8.352124119653109
5.891255263719621
2.9368781835842683
-0.5915511993967776
-4.644564393037647
-9.187791324914826
-14.151269677406276
-19.383000828979384
-24.87124281203498
-30.577703713456327
-36.575259822449446
-41.42232019612778
-45.158158577587734
-47.7740315102079
-49.30817668237234
-49.806052365351256
-49.330882659541366
-47.93802981695288
-45.70106480205945
-42.7046243365365
-39.010642427165294
-34.6988006065679
-29.844853541233228
-24.511479566545667
-18.735819240075845
-12.616191322829621
-6.20267405577768
-0.14402417466512263
5.547183911567221
10.959205766626377
15.483574197150075
19.172463876169353
21.929965549702153
24.407871373516976
25.980896561432143
27.22292154583103
28.147874539155982
28.780750753136886
29.28001981776211
29.649626399134707
29.942691520468532
30.1945174522889
30.43263407945496
30.658942659216528
30.89967667116052
30.30812790957623
29.558792566743303
28.66034553760032
27.634022399176153
26.424045996677922
24.98770158312474
23.435840218133045
21.141176216793262
18.758430667374775
15.794618568777409
12.318948424307209
8.399087955781102
3.945235038510107
-0.9882261359662221
-6.351547559770232
-11.966216790198033
-17.849581388129142
-23.974376984453624
-30.315568786913822
-35.48758605334446
-39.50899475313649
-42.40045554921664
-44.23583488528217
-45.0548267451853
-44.88155247687848
-43.78732782686519
-41.81555955773974
-39.01564021855277
-35.48173406670873
-31.30850579309113
-26.58885071723875
-21.37899389044485
-15.735816799565862
-9.699278332161768
-3.3562314330124168
2.665158258490736
8.358383276663979
13.719455405270525
18.182729690972106
21.783559096161593
24.464930736491667
26.183937652514576
26.973225708436058
26.806383085381945
26.403987440563856
25.794167921227228
25.067581659008994
24.2605743098478
23.410900679758402
22.55131604155976
21.696173583268305
20.8816936143191
20.096889619112005
18.491385229009413
16.755070497599082
14.896328572707043
12.9216887955716
10.78860671732917
8.4670957053471
6.031285122310452
3.583562551353638
1.1386197691149156
-1.2024733204364766
-4.092878088090246
-7.508722025422317
-11.469519378748688
-15.9422073433439
-20.888281247747045
-26.206048514829476
-31.71504645419426
-37.44805074042088
-43.38521243824198
-48.85875638606181
-53.22054845701386
-56.452049433873476
-58.58189269543745
-59.66564474747719
-59.73844267314107
-58.86146332984992
-57.057703406192736
-54.41039008609925
-51.015114330118664
-46.95889966655868
-42.29991413014541
-37.10278061347862
-31.4202712143181
-25.294626944839752
-18.731778178649364
-12.557241567341464
-6.756635718916516
-1.3822123220256035
3.732015544580015
7.9822152939220725
11.35010017794135
13.810711602934008
15.337388397583306
15.979629479459089
15.686325889233785
15.12244909017434
14.27912144004956
13.358827715495625
12.360819122274131
11.337556291835876
10.324972284709382
9.335767036936307
8.379001380109882
6.5956839384355535
4.668549474726329
2.652495209171917
0.6123254498106239
-1.511909100348829
-3.7789358813591547
-6.201533637841827
-8.726590696190453
-11.281620106525656
-13.860616311743168
-16.32285069719966
-19.291320132842582
-22.695673216744357
-26.668121423384974
-31.12433240597289
-36.00938670334928
-41.126889786443165
-46.494327877294936
-52.10377435694902
-57.234995554331576
-61.27339878804864
-64.21385009234871
-66.08790754789658
-66.93628299667152
-66.79908980521286
-65.70564315268955
-63.71150766378637
-60.86774996022456
-57.25845404200156
-52.98157589058916
-48.11086817302211
-42.687274631296475
-36.77528708488408
-30.45357290108855
-23.759490317211842
-16.773973460250303
-10.166417724019155
-3.9149539553738726
2.0068358861390188
7.008097296583147
11.100296517994893
14.296810741088812
16.626912582452448
18.084603914209453
19.23548934697914
20.05405546691818
20.568433156589577
20.91676041719022
21.11924294250849
21.22838834810721
21.272356995214857
21.29249656054647
21.327729215792672
21.341426866605428
20.45654778741254
19.406578913224234
18.188822897263794
16.845829402634386
15.347087269289865
13.665814962977278
11.814590708295214
9.815428449318876
7.742756709877393
5.094258686981003
1.94254457642243
-1.689716478257532
-5.875603811377637
-10.533478786196811
-15.629928772898518
-21.067070953921903
-26.654250808668564
-32.501464594355014
-38.5662396083322
-43.49249236637851
-47.26704097209542
-49.91911500814763
-51.49599247788776
-52.01218426943911
-51.544952972476736
-50.140312225047275
-47.85836223811555
-44.7888536800467
-41.018211232097656
-36.605197511933774
-31.60444170751486
-26.084266220120966
-20.154170799837612
-13.852261003472213
-7.171471089190126
-0.9133888571118479
5.048527027272383
10.637311033476402
15.3557607335636
19.19171881350728
22.097038760367294
24.138564606834972
25.201654293806893
26.05398864239723
26.603357692819497
26.879564820366763
26.97827495387166
26.93437772295457
26.792728016913056
26.60392895344414
26.402447560613787
26.23737369279275
26.102586600273764
25.13979342199092
23.983783433795534
22.65529636326788
21.223352618475175
19.604027407602914
17.79366472305779
15.857649547338951
13.77931191453786
11.706405528871873
8.957589392910794
5.69059827514554
1.9535429987848354
-2.290937591427608
-7.011069659597871
-12.139177744129912
-17.481832639884498
-23.054810015802435
-28.84617222205758
-34.22057485718139
-38.444236687839826
-41.53299731961912
-43.540513437390615
-44.50760858878281
-44.46053427979028
-43.461303109805364
-41.559854297082474
-38.81751005897302
-35.32170345812139
-31.14687784244281
-26.378806465825495
-21.10002980577548
-15.372667643315209
-9.230094341611915
-2.6597918091348403
3.483130195250594
9.295229597029376
14.721421535378532
19.213228686516523
22.891834224163627
25.666289601521147
28.129877269454038
29.972963462018537
30.86095956813935
30.828726877761703
30.471684691548052
29.898772820605767
29.207797534826007
28.45198883007954
27.66862077531782
26.870344628179282
26.117710189123226
25.41251125549856
24.65431957506344
24.494388580479644
24.10858405432495
23.572107181199264
22.820007744374465
21.78233076624434
20.565547974865208
18.62545862200546
16.35711634695057
14.15351038725424
12.025674893305109
9.428581164796991
6.318221345861355
2.6767013468561047
-1.4394551644489588
-5.884568277497055
-10.581341714708234
-15.543192589128724
-20.79113644401953
-25.62799971351352
-30.110680847531633
-33.43114643536599
-35.64085596628813
-36.77696211209374
-36.88503972451877
-36.03261747723947
-34.28453254406173
-31.755014128501283
-28.54860865519782
-24.718918870970498
-20.308385125020635
-15.384452235351786
-10.00603119164001
-4.195886432266132
2.0267974579206154
7.927887830392524
13.489883165235687
18.730232976978655
23.079866873841823
26.614597888078357
29.24205030164854
30.90658065266868
31.633841837007246
32.06269850700595
32.169700694638294
31.99053628735781
31.69802818158189
31.302278978350213
30.849256832378682
30.368181575101655
29.903527161371375
28.730825706497214
26.827355453402472
24.097008165899958
21.255953440630936
18.343278143235626
15.395014928844008
12.318324783728938
9.108722237286084
5.811893941051087
2.5273206019023333
-0.698309097302864
-4.439077513920498
-8.604858131525699
-13.169738425363349
-18.235301568276707
-23.72210554770702
-29.5514137889579
-35.54431128419622
-41.7738283128902
-47.46273066472975
-52.57826443699733
-56.54045317911603
-59.37479732607975
-61.14885084926277
-61.89901262316133
-61.669046845203276
-60.49263753022797
-58.42780906301848
-55.541344111817985
-51.94437219548328
-47.73100693026296
-42.96469810454972
-37.69710549157944
-31.985590726911717
-25.830829191466513
-19.200197351717474
-12.976217732339176
-7.0859469878841255
-1.5367861777015959
3.6955325682602105
7.997290978180049
11.31418003126013
13.76739001764209
15.198327074688327
16.31851844828412
17.071242315025952
17.636558861811526
18.010272002951716
18.25960094880538
18.425067099818374
18.537298498330234
18.620263568325093
18.697233099959156
18.731626524988624
17.84943125747092
16.793299379383228
15.585472341456047
14.2366519872008
12.693842758717267
10.987376917314593
9.171309798715587
7.198079390835989
5.294882519017968
2.814223062689398
-0.13370771914115154
-3.6556866599750006
-7.670028876075984
-12.151498584234195
-16.942852532034177
-21.956243095980863
-27.23089472462829
-32.75713257845122
-37.902686261239054
-41.92393563635353
-44.81087691567051
-46.61990795596717
-47.39496875274015
-47.178733746439825
-46.03206441656178
-44.006834771544625
-41.18234769996866
-37.66748550220289
-33.53834089362357
-28.864973447235503
-23.704378661424624
-18.114617272171387
-12.070780445064708
-6.353814452801092
-0.9844469595063916
4.066956573652203
8.85558213948768
12.817714607306652
15.988853115669839
18.172329200208964
19.765360694052376
20.42771587339632
20.826108839819014
20.897551717828293
20.79397655614153
20.55060904851501
20.215301294369233
19.83150492947788
19.43077380315081
19.04628748031926
17.94902906268447
16.105396235696002
14.169805643417392
12.111283963492722
9.975370458243608
7.718156843670465
5.287171989461036
2.670749339814538
0.023433340794999053
-3.0049966140182405
-5.98881381975432
-9.53893430944142
-13.528819011979596
-18.038730964686952
-23.037254282391817
-28.476126792797196
-34.21643502134939
-40.1945468130692
-46.39337226523069
-52.00980639714815
-56.50885853955331
-59.867640783834005
-62.136337693930045
-63.35956881157308
-63.569212334214576
-62.80322568372951
-61.103950859528894
-58.51738428241723
-55.11510056077101
-51.00989996473084
-46.279337275358095
-40.992075574883124
-35.22121222721828
-29.02739885111059
-22.423945107379065
-15.430771292081745
-8.795744664984248
-2.539514609626273
3.3086035900500526
8.281593768660072
12.341396165107732
15.433062482023942
17.789783585716616
19.159641247335745
19.553748767222498
19.644789109879298
19.431025627471296
19.06707272663948
18.609395780972527
18.08443765261452
17.514105941135
16.951050331164293
16.438917352032878
15.937074296125537
14.561822993641302
13.034794933752433
11.390909976002703
9.62982911152317
8.42117720016575
7.741732010702656
7.658262980941782
7.190993390738241
6.677574750986535
6.1916714878819405
5.1139413983786355
3.520349097967266
1.3340127954375918
-1.4201008609244379
-4.6623946798704425
-8.218349498310502
-12.057108259928341
-16.17575016501912
-20.67025843732365
-24.098624235618704
-26.432943131229923
-27.706580403363702
-27.957503740649923
-27.962452478962483
-27.718976175766965
-27.283888896633727
-25.92409412274065
-23.741676604440414
-20.85122282610266
-17.318725285672418
-13.215584741692211
-8.601575216931233
-3.511011959700557
2.076149761516677
8.01814145154645
13.57805323936679
18.80009462490632
23.83152794224848
28.044412656459933
31.35757369911055
33.736999589283165
35.213276505168615
35.68358189954062
35.84760104577101
35.76803673828476
35.51707638269469
35.12089182511187
34.637137657498705
34.108728584654
33.56634123715614
33.0435149063322
32.52711869880906
31.176856007445778
29.00997442564753
26.760375486852627
24.400177442834263
21.907676895552125
19.2515555393948
16.466595602188278
13.610973205862837
10.699217265976387
7.908928636524443
4.605561284126071
0.8214234450200938
-3.4660184423467975
-8.219628887859685
-13.395283986610993
-18.860948020866747
-24.53370852149696
-30.42070452422281
-36.57334412415952
-41.58600893078597
-45.45548155444618
-48.19220269551137
-49.850600955474754
-50.46958216852492
-50.09095931293308
-48.769114841884836
-46.57297672005945
-43.56299352648335
-39.853015751664664
-35.539007409465896
-30.694778268454133
-25.379344645509303
-19.632134333290963
-13.489394635091138
-6.9608511175106464
-0.8040688346656782
5.016592119896673
10.52856931517342
15.186581506196353
18.994651347473972
21.817487937254786
23.946483395224
25.05973761528469
25.236701588229995
25.13460706266698
24.75402835699713
24.233089837771324
23.62203990225878
22.960018479216746
22.283797129932708
21.63246897151628
21.027305914859838
20.441596818806936
19.737848422271362
18.841897970008738
17.759681155641385
16.55273742728237
15.139087990985654
13.507954300794111
11.789849300760178
9.758124069164419
7.7975892432002984
5.887069712024672
3.4358918516793535
0.5200287748254742
-2.9368950439642636
-6.9032497938156805
-11.317073606630931
-16.034517418461096
-20.990586080442494
-26.203964462429045
-31.74716121545582
-36.899835532428526
-40.91576792685095
-43.80607794738681
-45.61140318025558
-46.37064811578426
-46.13626057944924
-44.96061507683067
-42.91269250084165
-40.08103626486201
-36.55397979302014
-32.40561395765128
-27.69432370689023
-22.489453438267933
-16.856637793866252
-10.79530950511581
-4.324837212706216
1.7995970687560614
7.540442131236438
13.038814761223863
17.68228729946364
21.519139737923876
24.38819803231736
26.629777229929097
27.88006725855609
28.20030287651128
28.19307787163617
27.92260649247264
27.51825812087654
27.017893082519766
26.475249968679854
25.917450594007178
25.38593910091332
24.90938315843468
24.414697734415
23.777340053245435
22.92312280710518
21.934385589654514
20.782683316822585
19.408637857276855
17.793162384337247
16.100392057702578
14.020405543537786
11.962386486830976
9.930058528884565
7.396765987404428
4.382939057549059
0.8253295197494539
-3.23379720058263
-7.747835369274349
-12.569556240931286
-17.63760522967765
-22.96266778341481
-28.59514960089994
-33.84441003853615
-37.92728307155704
-40.869303164606684
-42.72461943126705
-43.54379696194937
-43.367876010245425
-42.25978570236526
-40.278365956637664
-37.50123977290402
-34.01588250114603
-29.901417310611507
-25.23356013345143
-20.081263229444545
-14.509444353280212
-8.503828981731397
-2.1306997863311734
3.8500680641509484
9.467293866383956
14.807332536626282
19.2756727102307
22.924501461468168
25.65649560527437
27.52680475108367
28.40110483342592
29.01506320159168
29.30609651665996
29.400831764590436
29.35129315894356
29.20320475038322
28.98381805761626
28.729669947118317
28.48718093149142
27.528691607800617
25.81456553215796
23.29369277875345
20.690914882033187
18.010983840455378
15.253381169695112
12.344448637393379
9.225535694791267
6.006470211615984
2.6841568258526194
-0.5476330515730815
-4.355945074478315
-8.60259198115651
-13.345052849942233
-18.57872290283965
-24.282205321256033
-30.399501316586118
-36.84377414925126
-43.46651065419631
-49.49408432583644
-54.966893250781055
-60.024779835669975
-64.01424488186353
-66.8732380685407
-68.64388223781654
-69.36286716374033
-69.07213194858763
-67.81793696410156
-65.66380996882293
-62.6928550567349
-59.00072479718042
-54.662997097429475
-49.753128653609394
-44.315247770382996
-38.40294425951585
-32.090732796912164
-25.395689505671175
-19.094936463469235
-13.17666754576477
-7.644927831014804
-2.341199458015912
2.130231738843003
5.711023312849005
8.360484689129114
10.462183617615263
11.551597964994754
11.73922120820165
11.61848954793627
11.332225938641722
10.925781508705127
10.436062153570992
9.908019773798753
9.369972611626611
8.843356664428525
8.345949524874937
7.7860371563375175
7.797465961652974
7.5948635967992
7.238764216600821
6.7136722926634835
5.988838603268388
5.071761714989445
4.031878890532059
2.519856690038105
1.0499336919235613
-0.4273542618832556
-2.424962421906433
-5.013127281106888
-8.179064031254754
-11.89841206635792
-16.110322315761547
-20.65542089775996
-25.44922059538956
-30.49303914404293
-35.826767646215174
-40.78533168885913
-44.586699161551465
-47.276245342543
-48.89210127479711
-49.49424584841517
-49.13624309385486
-47.86178760711158
-45.72748622440016
-42.79293782622286
-39.13514650547421
-34.835020105375506
-29.974346422504762
-24.60794030075432
-18.82821734264148
-12.66328548145519
-6.145201043664774
-0.05275235559431592
5.639824479202465
11.08922276413711
15.672157445007333
19.378263906587204
22.14732926581312
24.062231355634605
25.658938656638703
26.975525017868545
28.069255079215814
28.92656392774767
29.601451281597072
30.126291139267952
30.539432650294028
30.892066767909437
31.219072952621506
31.59039271001393
31.213750493885964
29.99575817329398
28.672394826415324
27.26033193623503
25.687752738982248
23.92663123453894
21.979773427735285
19.933260510774755
17.73659964660901
14.886534962741388
11.421317172200267
7.358485180837019
2.795096682537018
-2.2674524016439674
-7.784728817289905
-13.675834682742709
-19.838178493321124
-26.2275659079846
-32.79495047006104
-38.81547921966142
-43.690305033382074
-47.39264575954719
-49.986815628284354
-51.523610586988084
-52.02976050996147
-51.54735346162331
-50.136957611111335
-47.8685425938925
-44.80996282659074
-41.07246906660323
-36.738827415489354
-31.88561993159796
-26.57847079543069
-20.85759010480034
-14.674178573476274
-8.795846773564406
-3.1929786193569916
2.1089314245676065
7.159562307166641
11.381706538004172
14.674226990660094
17.077815232249517
18.932119785613562
19.774035200110333
19.84484421865434
19.199598346514204
18.301990947627996
17.335846017383222
16.326743332692253
15.315704701506284
14.33533998674641
13.438437207312552
11.872519432830321
10.275742965551173
9.295233527949671
8.114112829342018
6.740917743096582
5.185165631331554
3.4174975117548425
1.4952179230802678
-0.5619567432776184
-3.0578185997330203
-5.482223026891285
-7.9936462037568985
-10.587886704227042
-13.655965339768988
-17.30021437325243
-21.461698947385557
-26.08501336623003
-31.02172317172259
-36.209592093311024
-40.93988591869248
-45.952587626653774
-50.631680262341696
-54.16176049224118
-56.59308462686595
-57.975814847646916
-58.34551153718343
-57.73303526354443
-56.18096442986001
-53.75428002857188
-50.52316526136113
-46.583780369218644
-42.002281650611074
-36.821258058604506
-31.144025402839528
-25.03957676547654
-18.572418907619106
-11.82895216231547
-5.499610770515154
0.5019277962980115
6.180428903934751
10.992246264083056
14.92823785230144
17.920057474470337
19.963141919109148
21.127889552532878
21.946439823525438
22.445460512671513
22.699060601438685
22.780051336389942
22.71432763663
22.541056498373845
22.285348057273353
22.01163738840909
21.759538640329794
20.786187598869816
19.06184861991111
17.24244447351283
15.305331735861051
13.24092667493572
11.024533415290977
8.618578313877414
6.124105065561476
3.5907194760631937
1.0056669911407174
-2.103081258274457
-5.713247815609917
-9.800546101322324
-14.381025845321114
-19.39961061925002
-24.80111222919532
-30.388030993346547
-36.17938929388807
-42.21026223118389
-47.748470233990076
-52.167856481858955
-55.44681057497599
-57.621375272796875
-58.73156849367641
-58.82643094842176
-57.94412701229369
-56.13466248051722
-53.464954988575336
-50.03464865743447
-45.93264846148712
-41.237867923595886
-36.03084010101811
-30.38745520550951
-24.334518350586098
-17.8201400103342
-11.704872275208603
-5.996089220572564
-0.5875241757046985
4.576478792716873
8.890860074362825
12.29273461174535
14.742492572832347
16.2435211021427
16.83019495273411
16.513690287091258
15.929066956376513
15.097905064694908
14.203884859727877
13.253023720877295
12.290605106044302
11.33835574720853
10.43981309533402
9.58148170482216
8.645532514708801
8.275122744387431
7.749991475477383
7.044568426930934
6.1578484146381225
5.062580280371191
3.783848964424951
2.404370555303767
0.9666790572201194
-0.5202126745918951
-2.009316262463058
-4.064541658921166
-6.624579221119148
-9.795189504865734
-13.50729103122835
-17.722855246561394
-22.32826284180315
-27.20612406519362
-32.39857191864539
-37.838180928797506
-42.83007787401806
-46.63951778926411
-49.32346474149654
-50.94223468108254
-51.545646393602986
-51.16413850871138
-49.846474927255464
-47.65395346561136
-44.65017274243021
-40.92358664403934
-36.55486955285746
-31.617609823248944
-26.161499606142392
-20.222914303942712
-13.897145048405212
-7.217479423678037
-0.944621823904374
5.049602018407164
10.668528382939634
15.290397773614202
19.018781862459328
21.87515951089054
23.77730741551407
25.069160041979348
25.44089162799773
24.928555149495832
24.14542635253841
23.132378798010745
22.028230544442213
20.880212612288815
19.712058529141068
18.55737711502995
17.422080812287852
16.36100801626075
15.297212570790311
14.121758078088472
12.779565764685433
11.34631116046
9.775938850817107
8.009552752517074
6.068221095293186
4.081489329559259
1.75392583400963
-0.5584160111612085
-2.8470760136867392
-5.671455415485469
-8.97057996296997
-12.80162771342734
-17.1405604088202
-21.933553854113374
-27.10240882724945
-32.46365008377117
-38.065715983627996
-43.90052724730029
-48.57148648404501
-52.13415170660001
-54.600367977622085
-56.00447451578633
-56.38430784336055
-55.778065486817674
-54.27924753931919
-51.901362426763725
-48.714500130047654
-44.79909864551702
-40.20792135434442
-35.04417963734916
-29.379392663008336
-23.276452802842133
-16.801637387910876
-10.016877240788066
-3.722164066640984
2.1906670869456923
7.781430443703733
12.427258506721566
16.21664361771599
19.138580467320978
21.311591883859514
23.14921424368784
24.085824408026298
24.108162808477445
23.798406166893216
23.228333401450122
22.589982326864543
21.868654252477285
21.107145134649556
20.34705742394998
19.6186098494762
18.94920076429919
18.298938882903492
18.290624216269137
18.112536923237375
17.73502878312842
17.166876768675195
16.368125444356693
15.347811687388386
14.03226061954484
12.03998589385264
9.993163466887879
8.026365997729622
5.5729157881787925
2.6342231721321796
-0.8800794328593327
-4.902068824906326
-9.394905427584286
-14.273660535555717
-19.3490485621469
-24.69563199830033
-30.25968622565092
-35.45574628519399
-39.486669069079056
-42.40163250861244
-44.235095190222445
-45.031400726809714
-44.854196207200964
-43.72446185129761
-41.69783351990186
-38.85515386481779
-35.29869555289884
-31.094621742585936
-26.31073865823472
-21.024047615567884
-15.297305235617072
-9.175278856617695
-2.6596329048700476
3.410605249685882
9.164878306395828
14.540660659394545
19.00465613055723
22.59930484396236
25.333769741943808
27.10705649825277
28.085345352383047
28.14070918193969
28.016804436505037
27.577035564348606
26.979429125402678
26.310452250946767
25.578699658695744
24.814601929622206
24.0583383132374
23.350543788523215
22.684702820161675
21.971221818734314
21.10834287866856
20.073058374652415
18.919867051937814
17.61586279568541
16.099257438159203
14.400660599661938
12.652755268353165
10.731982354604037
8.858966517914743
6.318548279540759
3.309426405946717
-0.24337044251446527
-4.342403290392761
-8.91941156249525
-13.903588273183363
-19.139636766489115
-24.63436630473104
-30.35849404753079
-35.6686446065406
-39.759622156952936
-42.75027529338955
-44.66244724221209
-45.55209360146681
-45.4523468241533
-44.40444552595624
-42.460011638547996
-39.672025819721874
-36.134618696328694
-31.932044663595548
-27.12436178264658
-21.796580895302736
-16.006319934750344
-9.822377510449464
-3.2570698894000274
2.902734906243618
8.762748471183363
14.254537606629095
18.770291175055267
22.346892093895388
25.078987190909263
26.904944915609853
27.865865106384515
27.94994999583621
27.835270286086946
27.451279961241294
26.87978764546436
26.209397156057367
25.48087236387081
24.72573716259519
23.976379308874304
23.26065068113845
21.856472809958962
20.474867590040375
18.986301683365543
17.3189457076617
15.551350546980233
13.677712675563606
11.631224641535951
9.427924590395497
7.145930759025364
4.794308701531821
2.4167304638112035
-0.5896487510586936
-4.091285496655667
-8.11114555156872
-12.655199734267569
-17.697541153640493
-23.20593181296246
-29.118981034873286
-35.28853819838611
-40.947948161520316
-46.83583319164287
-52.20312875140877
-56.4045210846773
-59.506773678992836
-61.53124485114638
-62.5175808748576
-62.505079527260285
-61.54241683599536
-59.67029906342124
-56.94553387553358
-53.46241048637668
-49.305054589330254
-44.54156488365099
-39.23688647114657
-33.437862375025254
-27.223939913061077
-20.65085982723817
-13.782032255903406
-7.309770564388576
-1.2298689415488282
4.492443175362071
9.25996452391628
13.162839384801522
16.147525806133203
18.79592052899859
20.88423596073829
22.00418740752308
22.243200114911073
22.20561518581721
22.018794531255168
21.723770282546326
21.36549264118271
20.97687527164619
20.584285792417514
20.23469376560577
19.921093244033816
19.55139460907798
19.80093346922692
19.877465671073903
19.782466143817132
19.469042415830977
18.90692177761317
18.165520540062083
16.71732193049862
14.832569538700263
12.964551082076534
11.091283075350594
8.675365083603936
5.668604483431994
2.105642839378435
-2.0036856431886507
-6.643642127281307
-11.706791398072022
-17.068767514306696
-22.67950555826052
-28.513897303126225
-34.584911799120434
-39.47286646799624
-43.25697449659543
-45.950402420503934
-47.58069764417298
-48.18615745050045
-47.82267845712874
-46.54733566088231
-44.40573855657745
-41.47846369839872
-37.851417070209266
-33.60865917876752
-28.786363383470608
-23.437818354894738
-17.623826661260114
-11.412688187645454
-5.5901247693166045
-0.09540868390196074
5.058814201653128
9.89191849662766
13.832489494309423
16.966353808657125
19.231850931658183
20.601370612646054
21.068111801774766
21.274814035039597
21.220865306288808
20.97410089197231
20.584997800159666
20.11007641980468
19.588239908944782
19.02870104598786
18.463522137174845
17.931321720087226
17.38964350262693
16.746334947800555
15.93214359984477
14.973814809707369
13.888492401541237
12.602163469524719
11.106189521328375
9.478182561308142
7.780387560580478
6.060198622432058
3.7334058495552704
0.866570204574382
-2.553592300117536
-6.520431138152324
-11.005942957363965
-15.965541868397853
-21.34161052736451
-26.967753907157498
-32.827118134956415
-38.90520657631549
-44.50926556321743
