135.0291432095471
134.51723347627666
133.8579153250417
132.40977821570326
130.69753779242197
128.41955404347726
125.82372079863096
122.88656440994114
119.68375532670065
116.29219365731569
112.70994189421532
109.01329227550413
105.17826690229792
101.26540555563524
97.25021895985661
93.18085910557708
89.01512667234681
84.76450105367327
80.36179932796563
75.842481388364
71.16903474428743
66.37208547963999
61.4135372824885
56.336945690052865
51.142687753170705
45.883386571381074
40.53830143916122
35.11691857040341
29.58639365997345
23.96532405509326
18.256853033027436
12.533435013941018
6.8473511058347345
1.248203988296749
-4.2450737786876624
-9.653733570769022
-14.994249647329951
-20.237111359057423
-25.425626782531825
-30.575665627094008
-35.71282788107056
-40.85000635328378
-46.00426383255453
-51.19003566459963
-56.41221143610789
-61.64362796291025
-66.86269044480424
-72.02273665596064
-77.1029303084544
-82.03643800939835
-86.81668573833957
-91.32897534779057
-95.58554095720231
-99.4706991949212
-102.97718871261299
-105.92364728327136
-108.28289697817534
-109.9023880332754
-110.77333622474184
-110.84732288652448
-110.15504928240958
-108.64921301751087
-106.39327802254189
-103.36680598467659
-99.60610157035856
-95.12930782797609
-90.05361988906559
-84.39451542143033
-78.30367000174294
-71.85283831156048
-65.05700855751975
-57.989933111669785
-50.6149382727119
-42.966020475516814
-35.02264090838797
-26.829140778280934
-18.399834304759935
-9.813007887829327
-1.0920499391410414
7.708798642296834
16.569971589281337
25.462227466821545
34.3839146561895
43.31501943615537
52.2020309864448
61.01063685801371
69.62418358254405
78.05309476863522
86.0934113360147
93.82607155276045
100.92584986146835
107.52378444847672
113.25631936347395
118.35978999906779
122.6870280579545
126.29229350945081
129.30401073350592
131.41600930037313
133.1229025290001
133.84077724742608
134.37326094348222
