25.0892982314453
24.0082799995081
22.8833113723621
21.7209796380195
20.5273353326941
19.3079384846308
18.0679045088089
16.8119482235124
15.5444250748389
14.2693690886039
12.9905273653098
11.7113911293367
10.4352234668177
9.16508395943318
7.90385045957919
6.65423826762245
5.41881697244743
4.20002520795823
3.00018356451659
1.82150587807224
0.666109102647567
-0.463978045101840
-1.56680749673316
-2.64050514093705
-3.68326488728937
-4.69334335462209
-5.66905506590111
-6.60876804282627
-7.51089970410878
-8.37391298170871
-9.19631257941278
-9.97664130814927
-10.7134764425229
-11.4054260533253
-12.0511252813529
-12.6492325288412
-13.1984255562993
-13.6973974846082
-14.1448527150391
-14.5395027934978
-14.8800622599742
-15.1652445400919
-15.3937579530695
-15.5643019296623
-15.6755635551376
-15.7262145765275
-15.7149090408470
-15.6402817622826
-15.5009478522363
-15.2955035872913
-15.0225289373890
-14.6805921305124
-14.2682566915516
-13.7840914622213
-13.2266841859354
-12.5946593259263
-11.8867008752476
-11.1015810110284
-10.2381955380963
-9.29560715211186
-8.27309761966063
-7.17023000807546
-5.98692208136676
-4.72353188393659
-3.38095632587820
-1.96074321825330
-0.465216629223548
1.10238542192880
2.73776311707144
4.43540064167499
6.18841153783137
7.98839210486133
9.82529439533833
11.6873336948111
13.5609486578400
15.4308349071417
17.2800739973602
19.0903780341520
20.8424646306043
22.5165662095066
24.0930616529295
25.5531981771618
26.8798502761601
28.0582456811741
29.0765812585524
29.9264589105301
30.6030934713364
31.1052771388668
31.4351202173790
31.5976170688536
31.6001028435186
31.4516689237987
31.1625955366570
30.7438436347250
30.2066301361620
29.5620948202907
28.8210555714980
27.9938415778173
27.0901908370635
26.1191978120438
25.0892982314459