25.089298
24.008280
22.883311
21.720980
20.527335
19.307938
18.067905
16.811948
15.544425
14.269369
12.990527
11.711391
10.435223
9.165084
7.903850
6.654238
5.418817
4.200025
3.000184
1.821506
0.666109
-0.463978
-1.566807
-2.640505
-3.683265
-4.693343
-5.669055
-6.608768
-7.510900
-8.373913
-9.196313
-9.976641
-10.713476
-11.405426
-12.051125
-12.649233
-13.198426
-13.697397
-14.144853
-14.539503
-14.880062
-15.165245
-15.393758
-15.564302
-15.675564
-15.726215
-15.714909
-15.640282
-15.500948
-15.295504
-15.022529
-14.680592
-14.268257
-13.784091
-13.226684
-12.594659
-11.886701
-11.101581
-10.238196
-9.295607
-8.273098
-7.170230
-5.986922
-4.723532
-3.380956
-1.960743
-0.465217
1.102385
2.737763
4.435401
6.188412
7.988392
9.825294
11.687334
13.560949
15.430835
17.280074
19.090378
20.842465
22.516566
24.093062
25.553198
26.879850
28.058246
29.076581
29.926459
30.603093
31.105277
31.435120
31.597617
31.600103
31.451669
31.162596
30.743844
30.206630
29.562095
28.821056
27.993842
27.090191
26.119198
25.089298
