30.847421
29.472356
27.886010
26.156381
24.345005
22.507388
20.693892
18.950776
17.321216
15.846215
14.565355
13.517318
12.740100
12.270776
12.144639
12.393409
13.042218
14.105010
15.578228
17.433119
19.607972
22.002931
24.481183
26.879947
29.031603
30.789956
32.052615
32.771534
32.949878
32.629546
31.875954
30.764946
29.373778
27.775995
26.039172
24.224427
22.386899
20.576649
18.839701
17.219061
15.755620
14.488886
13.457495
12.699393
12.251575
12.149163
12.423555
13.099306
14.189422
15.688935
17.567155
19.759973
22.164974
24.643182
27.030756
29.160665
30.889007
32.116792
32.799574
32.943511
32.592512
31.813039
30.681262
29.274310
27.665382
25.921628
24.103753
22.266531
20.459724
18.729129
17.117587
15.665876
14.413435
13.398853
12.660027
12.233867
12.155318
12.455440
13.158191
14.275612
15.801292
17.702564
19.912904
22.327343
24.804792
27.180443
29.287976
30.985874
32.178595
32.825271
32.934997
32.553623
31.748602
30.596390
29.173972
27.554188
25.803766
23.982997
22.146295
20.343129
18.619072
