0.7264413886248917
0.7061973081461717
0.6855860128976636
0.6647143408506504
0.6436635361753638
0.622496953784891
0.6012652047738833
0.5800096629506322
0.5587649012974234
0.5375604162983421
0.516421869591607
0.495371996779145
0.47443128299441417
0.4536184725748753
0.43295095911613934
0.41244508819432624
0.3921163956077063
0.3719797975312047
0.3520497444966144
0.3323403479618534
0.3128654859917661
0.2936388929605509
0.27467423701332905
0.25598518816316806
0.23758547926160212
0.21948896160350984
0.20170965656764928
0.18426180442118323
0.16715991120780171
0.15041879447833617
0.1340536284981555
0.11807998946819143
0.10251390121956439
0.08737188178030664
0.0726709911626926
0.05842888067800045
0.04466384404955592
0.03139487056252399
0.01864170045805169
0.006424882748357952
-0.005234164403685959
-0.016313090633746974
-0.026788547589821077
-0.03663612039690234
-0.045830256419484794
-0.054344191442647904
-0.06214987348242906
-0.06921788454619149
-0.0755173607979498
-0.08101591174736456
-0.08567953928011818
-0.08947255758873096
-0.0923575153542937
-0.09429512188042377
-0.09524417930119489
-0.0951615234866412
-0.09400197686555112
-0.09171831708988032
-0.08826126629326625
-0.08357950666358649
-0.07761972917208704
-0.07032672359428549
-0.061643519434034566
-0.0515115890320228
-0.0398711260097937
-0.026661414270707784
-0.011821305045503605
0.004710178076253291
0.022993083553012106
0.043085600336769225
0.06504292189571892
0.08891587391556222
0.11474926966036803
0.14257995154371583
0.17243446953079244
0.20432633438971504
0.2382527626718598
0.2741907938644863
0.31209259668677536
0.3518796706765732
0.39343545589423057
0.43659552713693106
0.4811339665177612
0.5267435128177111
0.5730054442406671
0.619342694533457
0.664947053929537
0.7086727294939021
0.7489103335542202
0.7835376205209981
0.8102048881799035
0.8271982182061901
0.8344098004561227
0.8333231629567934
0.8260359739542009
0.8144160986019129
0.7998340857034907
0.7832206311056953
0.765195360159241
0.7461740476156704
0.7264413886248917
