38.0360961490207
38.1892688607110
38.2714293204414
38.2697436442905
38.1960919070774
38.0671143870884
37.8813951161703
37.6227661510044
37.2578925187853
36.7578714781867
36.1064904106988
35.3080026270549
34.3826333058675
33.3648158009847
32.2903553839790
31.1914523760478
30.0874885279338
28.9873505329556
27.8940886205037
26.8065367957221
25.7240377892388
24.6452516943614
23.5697001787822
22.4974458111657
21.4299616457621
20.3712745719486
19.3250687109629
18.2941128220558
17.2832047343519
16.2973380263779
15.3434115417467
14.4263461790532
13.5492837455935
12.7121979459839
11.9090472580327
11.1327609330581
10.3742426166005
9.62626349684927
8.88180837814013
8.13699437042077
7.38981409245067
6.64469482970848
5.90898085642006
5.19293829760287
4.50732694307963
3.86160104328560
3.26672846080860
2.73051427351766
2.26007510948181
1.86201722385320
1.54342008233070
1.31999108697308
1.20671073933442
1.22700511715147
1.40286515132586
1.75732942842775
2.30446113167869
3.04936251364276
3.99736982479360
5.14184398372968
6.46397360715601
7.94972641927335
9.56704664941629
11.2842917277639
13.0700194517904
14.8943282619450
16.7314905908770
18.5583374896182
20.3574075740178
22.1144901226891
23.8176908037398
25.4605016360813
27.0364552959866
28.5435842068990
29.9803281220330
31.3444823635949
32.6349019003974
33.8515752813551
34.9869982766046
36.0335690871345
36.9854376729329
37.8337420887417
38.5756826951769
39.2013914871216
39.7001027475993
40.0622896745470
40.2846525226169
40.3572152514988
40.2803364868164
40.0676611629062
39.7413249291314
39.3343542124430
38.8916286265055
38.4580556055705
38.0868362723456
37.8187124188741
37.6865049557156
37.6904669727749
37.8091199281481
37.9933959431118
38.1870427449544