64.9107017685547
65.9917200004919
67.1166886276379
68.2790203619805
69.4726646673059
70.6920615153692
71.9320954911911
73.1880517764876
74.4555749251611
75.7306309113961
77.0094726346902
78.2886088706633
79.5647765331823
80.8349160405668
82.0961495404208
83.3457617323776
84.5811830275526
85.7999747920418
86.9998164354834
88.1784941219278
89.3338908973524
90.4639780451018
91.5668074967332
92.6405051409371
93.6832648872894
94.6933433546221
95.6690550659011
96.6087680428263
97.5108997041088
98.3739129817087
99.1963125794128
99.9766413081493
100.713476442523
101.405426053325
102.051125281353
102.649232528841
103.198425556299
103.697397484608
104.144852715039
104.539502793498
104.880062259974
105.165244540092
105.393757953069
105.564301929662
105.675563555138
105.726214576528
105.714909040847
105.640281762283
105.500947852236
105.295503587291
105.022528937389
104.680592130512
104.268256691552
103.784091462221
103.226684185935
102.594659325926
101.886700875248
101.101581011028
100.238195538096
99.2956071521119
98.2730976196606
97.1702300080755
95.9869220813668
94.7235318839366
93.3809563258782
91.9607432182533
90.4652166292236
88.8976145780712
87.2622368829286
85.5645993583250
83.8115884621686
82.0116078951387
80.1747056046617
78.3126663051889
76.4390513421600
74.5691650928583
72.7199260026398
70.9096219658480
69.1575353693957
67.4834337904934
65.9069383470705
64.4468018228382
63.1201497238399
61.9417543188259
60.9234187414476
60.0735410894699
59.3969065286636
58.8947228611332
58.5648797826210
58.4023829311464
58.3998971564814
58.5483310762013
58.8374044633431
59.2561563652750
59.7933698638380
60.4379051797093
61.1789444285020
62.0061584221827
62.9098091629365
63.8808021879562
64.9107017685541