149.0489067433375
148.480685041189
147.80878429781743
146.38618968463973
144.79031924274153
142.6515287025554
140.3059848413574
137.60654084688244
134.69729838654598
131.48206573086298
128.0105758626548
124.27719582079186
120.26192761418358
116.02728459208411
111.500519394233
106.79339364884778
101.7602220551037
96.56428818407907
91.19639526577966
85.75976872096899
80.19604421643118
74.57776567838123
68.87184945638955
63.13016938196051
57.3345125203306
51.4945329894066
45.56765310814994
39.521369219649515
33.301094083299496
26.978510959149066
20.595381423646774
14.222263964981332
7.938356111455818
1.8147363889724164
-4.202606121298402
-10.165446688847934
-16.068246355434706
-21.903625658893464
-27.694471406069816
-33.47102972435799
-39.219720101334225
-44.93802023835487
-50.64109577648203
-56.287057732541875
-61.88061402070225
-67.36242538521876
-72.68206242018742
-77.76214650886071
-82.57084432300216
-87.09426484429812
-91.30310946942548
-95.18473784789082
-98.75571042306474
-101.98954946199194
-104.83546657451767
-107.18867747242444
-108.97461462175745
-110.04507842891645
-110.39188030810053
-109.91306196282835
-108.71575200271653
-106.75261237937882
-104.15485058349545
-100.86637269123655
-97.00609080423388
-92.497634867425
-87.50177895713246
-81.86258383029745
-75.77162357496033
-69.12322262994947
-62.06435155083575
-54.56575391724872
-46.68780576512766
-38.45458909747066
-29.865791438150147
-21.018945670281127
-11.885631459610572
-2.5821593890399743
6.9470582194323525
16.611838453234565
26.484914402131654
36.42907526915153
46.25034157891346
55.92289187828852
65.14799493489562
74.11689207202042
82.57410473553516
90.7249538865344
98.4222820613795
105.78547292236205
112.71440383750361
119.22801275817076
125.30933427445592
130.7112832523603
135.5848245632827
139.38078797971843
142.61843302778436
144.61759800917807
146.24327613719055
146.8456523670061
147.31201009827595
