42.095245794299416
41.86255160723367
41.519782703342145
40.98381956819984
40.34185891370382
39.65174063235662
38.8918452384156
38.08797898689455
37.246505033551614
36.366752000122105
35.454211452564024
34.51302093088728
33.55589757364992
32.57977059933693
31.574631713097776
30.522691325514746
29.393855209518744
28.2204126428281
27.047535865330165
25.92792565419001
24.918523972657937
24.022415631505716
23.179079306704015
22.361377536244774
21.56136027710951
20.75394726762005
19.929493408497017
19.091557810163824
18.225240697357965
17.314344996969375
16.36578137883672
15.373583401565408
14.392378075067874
13.457023006074017
12.492776031723924
11.452270055364242
10.259441037965654
8.929312601692594
7.464644261382255
5.862982905063233
4.118950786485592
2.1929204274660576
0.11139842983137571
-2.146110514632198
-4.541725003397847
-7.055111077538778
-9.604240460445633
-12.197222021662203
-14.822428634510691
-17.493103605092696
-20.20084187729106
-22.917964289370747
-25.594995419191775
-28.19886380528604
-30.680786664505874
-33.022874233646164
-35.2082473264835
-37.124173328076886
-38.75201918231671
-39.99918409603751
-40.93679635321539
-41.518178217432194
-41.81019543973125
-41.83881180501701
-41.62780773507343
-41.202212772486554
-40.52875061957713
-39.609060316914515
-38.459940304604686
-37.062396578508924
-35.4709558027808
-33.62538341578372
-31.541560695122847
-29.229451924589174
-26.660847527168148
-23.891929671337103
-20.904064345208656
-17.779756595914737
-14.504292966947661
-11.082641565749666
-7.505125168263552
-3.792069709470661
0.021615613875546065
3.9313067632305962
7.899193875355258
11.905585640269308
15.950681237399806
19.953347350881888
23.77924509252084
27.326697074391152
30.59070210501805
33.44044682498394
36.0681901761875
38.31111960040812
40.23192780014284
41.911732424571376
43.12645905397829
44.13416137589869
44.79264245696149
45.1679506987993
45.38785089944325
