164.23994671174196
165.94997907257414
162.81678021110872
158.34634587765154
156.2606716658911
155.3533541077053
155.03331689617588
155.02223283507368
155.22986158639952
155.58468059769444
154.76453681842156
153.0649033264086
151.75783666781032
150.67392000527875
149.64869050043666
148.56351629877992
147.46648380340326
146.49398461936073
144.97238421662695
141.82833717213416
137.80377198027108
133.65411760608768
129.44185581352824
124.42177461444219
118.63122825113138
112.16612912396144
105.08001556178921
97.40537528357078
89.1818044637579
81.17846343871064
73.43906765825291
65.26518791842845
56.76304068857432
48.05893391728439
39.24944773510195
30.325947847459222
21.08051151438521
12.902808286421497
5.77386922197072
-0.32648913894900405
-5.442802545945045
-9.589643675322458
-12.715892708097423
-14.860156233429521
-16.171629403071883
-16.5428255379712
-16.73993534812319
-16.754605163968574
-16.533238832065322
-16.128910017188133
-15.575238971485629
-14.95332859599939
-14.309422723679386
-12.89557925866224
-10.747846772267417
-8.54049418776929
-7.001675191520285
-6.074904095161335
-5.7146040561471825
-5.850095084487574
-5.75431646888437
-5.523023799985208
-5.114931174777829
-5.253838817211946
-6.129171292449593
-6.302652068745123
-5.794743718560565
-4.663112588182433
-3.670557636731951
-2.056919217067424
0.19265422841487312
3.065970320531627
5.786090858839525
8.342963838600689
11.435602727358747
14.981830926405062
18.89358934233401
23.067533383867186
27.49409314715372
31.53724676081895
34.561718032774515
36.506708202204834
38.14162271687688
39.52198008540252
39.95361693838533
39.44869700407578
38.00542274581972
36.44182934544115
34.0346062701404
30.849214378586392
26.946237142550395
22.38790816678169
17.22643716047763
11.5566489038368
5.462937654727752
-0.9519824312123137
-7.599246699161522
-13.838484794030407
-19.82233852160046
-24.901737291230205
-29.073447664797555
-32.330260872658876
-34.80334694733704
-36.433925624057586
-37.15919330165253
-36.969187311055016
-36.625037451120406
-36.175504429761375
-34.89848595595529
-32.97523092876125
-31.020702823235542
-28.999275570250767
-26.98950279799705
-24.941830863882224
-22.874669189600944
-20.815163615323684
-19.404284728846818
-18.612623167883868
-18.421920567017775
-18.795449062826577
-19.69397677615144
-20.984507546456065
-21.985886459058243
-22.827726336134422
-23.562081314813526
-23.496169716610847
-22.64244086473077
-21.774491211644026
-20.743811077396952
-19.03019033137237
-16.729888746631133
-13.793400814904597
-11.040089031818258
-8.46654419464988
-5.281098291099106
-2.2673111341975734
1.338789847418991
4.7560545896522965
8.70393048902439
13.123118427873429
17.95740107760751
22.33910526422297
26.2718304118505
29.70226951230892
32.779332491262586
34.8825988426213
36.01301937030313
36.14691384269059
35.31171752530414
33.56296393360097
30.932244963795153
28.2025567060086
25.419283501235785
21.857807261318715
18.320541207237905
14.091012375634303
9.980702093818948
5.27989758902954
0.07881301231731036
-5.543996747056692
-11.505027433574238
-17.802452780770444
-24.368220263297317
-31.309485113752658
-37.285064744714404
-42.36227591482435
-46.545461133308535
-49.86452139577131
-52.26130685611682
-53.733717648967605
-54.40415469709033
-54.207128354072665
-53.17413408603606
-52.066251303630274
-50.87551109262068
-49.575288632045215
-48.17104221252523
-46.70427879087231
-45.24071950999139
-43.77267017233822
-41.527807869888406
-38.513571910523595
-34.75862188678471
-31.728471353825086
-28.58314314541132
-25.320906521226057
-21.90184891988981
-18.423327597906916
-15.699457322605861
-13.612610975629883
-11.50750552184225
-9.405754419624747
-6.562236496425951
-3.801847278302656
-0.47225133488037585
3.404240921074686
7.805863506826633
12.717379477450447
18.128246917914833
23.290174178502326
28.20655844980554
32.829237302758564
37.8605693292087
42.44332545437799
46.50578097967782
50.05051991332302
53.23973677701402
56.19013133268896
58.86044373704964
60.45188837510245
60.97573506915366
60.446783604834955
59.68565687445362
57.992559037159495
55.428046822997025
52.04252131045339
47.92520222088723
43.16076645535853
37.780188097102965
31.84201335279409
25.42489565633848
18.62958728569848
11.576310923625481
4.389932481960676
-2.975373949753321
-9.965092145870424
-16.031757494649547
-21.184919529813715
-25.383096086212312
-28.694027430327502
-31.01824561336463
-32.33891667104437
-33.382171134315605
-33.6045347197059
-32.98062669970796
-31.543675778040846
-30.068287747030983
-28.452465912344383
-26.719025987291563
-24.917896702026024
-23.123599532951562
-21.367488674143036
-19.676813280869155
-17.21827433366023
-15.455959118595286
-14.27793618556477
-13.647921441021355
-13.565466839285953
-13.949287059649793
-14.175034644938224
-14.324158750085093
-13.648851272612546
-13.569466197396324
-13.432836850254022
-13.274877992468644
-12.35075799632134
-10.806486437957517
-8.72128313839519
-6.081848110347761
-2.8569740446691854
0.9568093836387501
4.565769537119822
7.924428332423455
11.739058989676172
15.918810759793836
20.346572862225194
24.933771656649213
29.809372067641508
33.60809934805178
36.36500872775213
37.99475856102496
39.29499833729601
39.589909527322426
38.938824748824636
37.3293741602077
34.848859350125224
31.574732272696547
27.56749188024475
22.870301300601465
17.52147255762761
12.347060578534062
6.668376207078502
0.5605596401609203
-5.898529864513182
-12.592327651639415
-19.534722613090832
-26.1457873253736
-31.79510374361533
-36.50320683321538
-40.269290580032674
-43.154680685735485
-45.1720870049416
-46.24110851617454
-46.39933724817833
-45.820508415933894
-44.31928102785755
-42.066738145521605
-39.73232422745739
-37.31871195658738
-34.838216646561406
-32.33323505602446
-29.864675054265987
-27.434874412120866
-25.045251052966698
-22.58234722684757
-20.73979267095076
-19.523891201057005
-18.920037606415146
-18.13381907089278
-17.11809579754339
-15.916254922254177
-14.655766982398779
-13.324787254454089
-11.798536628916983
-11.036596945843348
-10.953468301876198
-10.906878480298204
-10.906729485114777
-10.234343569435655
-8.952971968908598
-7.031681228507245
-4.484233711664517
-1.3139263641948364
2.408504848692955
6.590766582676577
11.160868626818072
15.984595362161963
20.238100311224695
24.069015338992173
26.85359028897224
28.657522478972737
29.438609222985658
29.152047432388887
28.580566034988404
27.78889759252965
26.78238288304278
25.59147848682929
23.50508799377446
20.623097413575596
16.985238355726437
12.671104709014843
7.704571720818671
2.17749429556857
-3.8149579998503063
-10.183631938697088
-16.783293016386352
-23.516268958334752
-30.552106191444594
-36.531173760742284
-41.60297996762569
-45.754470381830004
-49.00308041352828
-51.32494874088994
-52.68130465482428
-53.11083145552528
-52.71946486336832
-52.194853859439746
-51.57460862229665
-50.76814001551666
-49.80228272933597
-48.68237307469866
-47.498554387137176
-46.29689122276559
-45.11493391233155
-43.947338066234785
-42.79020184677415
-41.58073629771167
-40.27309309429452
-38.78990241370188
-37.10298666549468
-35.1933517715993
-33.15554239633038
-31.0661731877232
-28.87185151433034
-27.31870995679671
-25.7879227228013
-23.52164582175802
-20.651820281022424
-17.259871017642343
-13.392996570775983
-9.009523768779191
-4.09911723061069
0.5921177688545293
5.772312401929075
11.345290204996486
17.213878936037165
22.510705688946345
27.19810414244282
31.425250301086038
34.58730608150766
36.727464134825034
37.7991388934041
37.75896548498922
37.444021527651195
36.91779278064334
35.4449842821
33.0494146953891
29.856283690507166
25.922416270033583
21.27707145020405
15.968296750375307
10.79280332322969
5.067242974513126
-1.111080210590427
-7.6291037879204255
-14.34749849555949
-21.17979529851823
-28.28580319641762
-34.34589301745276
-39.473297242328655
-43.62102489501967
-46.79694547132875
-49.03253412458432
-50.258302370284994
-50.60253491728541
-50.09226965256357
-48.772405109160964
-47.35654025637672
-45.76975301891652
-44.067263491892916
-42.23422364126197
-40.33842830693093
-38.44192245797653
-36.57649789282965
-34.766763086533544
-32.99929786286734
-31.237090538107545
-30.175914840893984
-28.94822388353344
-28.314454399349557
-28.235542411587264
-27.975458038931063
-27.660648246755244
-27.166635297142506
-27.244021739422344
-27.95532462591861
-27.922545161110442
-27.234396703345254
-26.598777709007475
-25.32621342203863
-23.455604764835424
-20.986219390908026
-17.898778431267225
-14.959911480179139
-11.466702255031954
-7.529795597874183
-3.2490588602464525
0.5226894403849962
4.516804251254203
8.822277243399757
12.061963940464237
14.292279690504978
15.44657573941528
16.261267742850457
16.786480775454624
16.3602500168742
14.995573543403626
13.464177868692033
11.053386849667753
7.858238584511766
3.9437980149098735
-0.6679119602772626
-5.174595800010327
-10.27613394802164
-15.846040142166753
-21.751979017788063
-27.85810108017707
-34.11723651024385
-40.573557232888724
-46.6022858546581
-51.75897008021228
-55.96481312385804
-59.33696447508238
-61.7603273570369
-63.11830551056675
-63.52791638270824
-63.66038242756536
-63.053293008116654
-62.284514663411265
-61.386748111152976
-60.27760716498254
-59.006310726534785
-57.65434046039333
-56.285600843594416
-54.93014141978245
-52.87194452458948
-50.128061419555095
-47.52324422762369
-45.04300528312019
-43.153952540196116
-41.13280091039081
-38.866769931062315
-36.50997522697921
-34.22741450484688
-31.918062628590615
-29.71561685905574
-28.154814367649227
-25.926553545969952
-23.781358830410447
-21.824377977874082
-19.30917915588851
-16.212924301582557
-12.528738421132486
-8.274530724948027
-4.226374288990444
-0.4247587106271111
3.844332587280742
8.47637737967616
13.343116978330906
17.597484786694896
21.455482627718023
24.30537126815658
26.170436626189286
26.980459498594296
27.469989582634344
27.722226643409773
26.988320208553766
26.013184025149325
24.85421937417891
22.790803566496773
19.89008482442433
16.211185557555453
11.795124830151194
6.70521979081571
1.0501441693585256
-5.078665464355962
-11.543509423159943
-18.18172033854007
-24.864818874220656
-31.793170208202913
-38.424093283591965
-44.12727213588463
-48.85331450628897
-52.71947901754213
-55.592296180838254
-57.44733148669911
-58.41909243812347
-58.4557058647171
-57.65537451303817
-56.662802700382194
-55.39566454591477
-53.944063890350556
-52.32097284885132
-50.64136026358852
-48.96129706398691
-46.5695231410913
-43.50763307538127
-40.57619367195216
-37.75155602476471
-34.93823011945409
-32.01583132589574
-29.00058679048186
-25.779098355550847
-22.561248279775356
-19.36105578409205
-16.772108279995898
-14.957976977080547
-13.837081771486204
-12.036666625715759
-9.695462578962283
-6.801570759929394
-3.3993067257159804
0.5474551429957843
5.051902800896616
9.328787913968023
13.324659963605606
17.743565056690006
22.479281933449982
27.427324291604037
31.8246277824739
35.10703761336726
37.388656337180144
38.64498536571735
38.86183700635658
38.759955648618046
38.40903954449223
37.83094536196637
36.30249843011338
33.88523114986688
30.672108857978813
26.70466615990902
22.05085578110524
16.7457433202248
10.851298679422051
4.466794728493305
-2.337899559638724
-9.450568769681334
-16.765245505669753
-24.28634832409756
-31.438623816069775
-37.543731845320416
-42.6747717422735
-46.84479225953686
-50.06555289536551
-52.34612022966203
-53.65734965547
-54.056827830285805
-53.550897355647386
-52.26425506369351
-50.85577256678765
-49.25342738744308
-47.5286994944551
-45.70612018221302
-43.85643464995306
-42.00285471687348
-40.15098220538384
-37.540499027288796
-34.93439063717477
-31.556951770134386
-28.186412084273755
-24.711250887164862
-21.160915005680906
-17.53049212707329
-13.850109393098636
-10.187345620228479
-6.5380338431647695
-2.9487783014341087
0.6297571090453499
4.806290420600062
8.709246426340332
12.396516628863221
16.605711580371967
21.35186621209207
26.60354112637899
32.32453563852628
37.70180713649043
43.44712298288488
48.6830750704374
53.32797974699667
57.47131394324183
60.50801451071297
62.5478180249145
63.55935370352614
63.52925525956182
62.483366686992284
60.46358383188743
57.5087838311195
53.7102735838757
49.85264435789081
45.958033105247615
41.30866617486669
35.99214260705584
30.0665394531179
23.608846301087436
16.70424836532082
9.444294459150223
1.9803760667287311
-5.566608905615735
-13.343262454570059
-20.01523212605155
-25.780495510255623
-30.582322856434836
-34.482201950146404
-37.44243867871158
-39.368815806892506
-40.34799578560554
-40.47566103598435
-39.75091279726799
-38.84174370931141
-37.73778123035033
-36.51269345494295
-35.139101821636025
-33.695214538252806
-32.24262539762511
-30.81614044585231
-29.422390641955687
-28.066473276510184
-26.6574374115257
-25.901355238502603
-24.94055993278203
-23.803732046301906
-22.413425771169553
-20.865336477909068
-19.297125194110478
-17.57895465168926
-16.47532469848459
-16.07900590839113
-15.015537493258568
-13.312023726407054
-10.977947522138795
-8.105855358575447
-4.68602841555185
-0.715006144947034
3.80469077977493
8.835992962859594
14.30196003435032
20.13034976472681
26.211864518831913
31.66926338775426
36.580638454633515
41.08062743583002
44.54777675760776
46.97443809880536
48.267341636646044
49.20750058842568
49.8935994125743
49.60372441311763
48.34758042567856
46.20100748564281
43.24976883007106
39.55469578559728
35.175170147702545
30.154405991267648
24.546353254476717
18.427276318012996
11.895281710650845
5.080088050082303
-1.8917797573050588
-9.110145647512304
-16.716562252161275
-23.335788368435633
-29.006162745381314
-33.710390056342355
-37.487698183307465
-40.282647824375736
-42.095603115006774
-42.94731968634522
-42.94921136626938
-42.10312796304874
-41.11355869633641
-39.92202001694572
-38.597966097944806
-37.15543767253435
-35.64887997730746
-34.152589554418526
-32.68012080722369
-30.460615711964834
-28.22687881249983
-25.938482453601324
-24.313670289005973
-22.527574192484437
-20.572794788602526
-18.42159438321638
-16.184133542645984
-13.90902297151404
-11.611211909827668
-9.221080653753651
-7.564806337569606
-5.261799523855819
-2.4351700516454735
0.9482256653148844
4.830144580647479
9.220126651972906
14.139463405340749
19.584285425431947
24.757136797751922
30.343760616341676
36.2526941932235
42.369574734794405
47.84014476347801
52.78059780429383
56.62583644178545
59.44326193108444
61.20029032128017
61.88278644089951
61.490462233227305
60.84607598530666
59.25568402513314
56.783938522281005
53.47697064657712
49.41628093525059
44.666170001568126
39.3026299501183
33.34786370934949
26.879805640892563
20.003707818691073
12.804682034801383
5.413795521875094
-2.0965664032654994
-9.892938260652674
-16.65334219844034
-22.50122238622665
-27.380208141440963
-31.36562132138883
-34.41480357268083
-36.45056891860236
-37.50989518359035
-37.76146764389564
-37.04315669894172
-35.598518127060196
-34.00678851158153
-32.382541382267746
-30.665247492418235
-28.875581899955524
-27.045771760633688
-25.256341172842227
-23.522910816055756
-21.048485970868583
-18.523959178466445
-16.674200892154083
-15.422948695229143
-14.762272129976504
-13.823069429612127
-12.696073930658446
-11.5282428681106
-10.315952633036106
-8.891992696398821
-8.255079360994701
-7.508452078120467
-6.124800949365305
-4.046165826056717
-1.3777649292333212
1.815243557888289
5.522237353250653
9.782019213931475
14.574509453912125
19.11351910584732
24.113957936070268
29.49929151050442
35.24049999336718
41.12254708058758
46.439595554300354
51.34794283360879
55.21741026995492
58.022567429701006
59.69393726732948
61.013516194370965
61.3125205347145
60.624418547671155
58.9687201923637
56.44009650389908
53.09977351165244
49.01021730676664
44.235922902800915
38.83853563195561
32.868186011067415
26.413125094292404
19.574095032016192
12.401919638941177
5.122512806749743
-2.3604701695161583
-9.512021808736115
-15.71590354508911
-20.952416395213266
-25.223226999554957
-28.584491758552776
-30.996380788022908
-32.43227350599807
-32.91034801146467
-32.52629494479663
-31.301588202204364
-29.99245996107248
-28.523221830999933
-26.92062941766463
-25.198121205182215
-23.42695545856664
-21.6796388351873
-19.993716219762497
-17.619966509423556
-14.520329752533952
-12.11762471052828
-10.338035374826193
-9.16064585010669
-8.543356502607153
-8.422696147119058
-8.108581892609008
-7.702322406729398
-7.212106423881308
-6.595192307801865
-5.9374123905315415
-4.578684531342458
-2.625171550429172
-0.834140300005371
0.7815727041332501
3.0173366182972536
5.895247317829704
9.394772452322842
12.727132303618157
15.844446840539415
19.445606671817846
23.441755224549574
27.71520199914982
32.18045099821177
36.92601862369642
40.55745818431773
43.19804425664565
44.781507564957394
45.27319054188512
44.768839792825844
43.359129060608375
41.05991047773085
38.650064528391695
36.163622906880946
32.872637891854026
28.824985135389085
24.09367711882473
18.741166765548602
12.853839723791703
6.520794986380753
-0.1613593773304442
-7.056701253990127
-14.108765040126167
-21.477941045485622
-27.778786594150777
-33.1719638227347
-37.62538214279612
-41.233477241833704
-43.8878474733117
-45.50496257045443
-46.15556758655057
-46.422577948271446
-45.927076547486784
-44.629656530618284
-43.21520467089185
-41.67171769822834
-39.98965926445622
-38.23514084890894
-36.473151889425615
-34.75240722177325
-32.33760938256487
-29.21979905988437
-26.088997811185457
-23.68399667408363
-21.90755771646054
-20.70877950905214
-19.97243918519319
-19.0784880218305
-18.16682456378252
-17.149597909450943
-15.547275000801458
-13.876407356382511
-12.261117961000664
-10.018882071517352
-7.194453563713077
-3.850225210614845
-0.7307571987322398
2.2264511923892436
5.04102243208155
6.971763941846243
8.022303865504187
9.691887100522216
11.900247439606936
14.560760920426006
17.533977578513323
20.716250275262894
23.503611555092913
25.282176502941685
26.034696847959047
25.78059163136228
24.57021817866697
22.505368951190665
19.579307930976228
15.786544721862482
11.172887587256556
6.579838719197531
2.030178581784999
-2.4402438536071562
-6.799744467657822
-11.027498580678374
-15.805424941862986
-21.04036539403097
-26.648719726503554
-32.49735655771362
-38.61374607780106
-44.397824018024565
-49.273903490288205
-53.262327153159184
-56.39023178413716
-58.639544569854536
-59.95141291375071
-60.34345157009085
-59.93307646148014
-59.134307843055765
-57.63356707508774
-56.08375423524037
-54.45840045118446
-52.73206241582945
-50.891120625568874
-49.0164217235467
-47.18622331992187
-45.4041404667232
-43.67382577057692
-41.09321384295103
-39.16990643351579
-37.84521774532824
-37.11690460310268
-36.14907536010785
-34.951905274699186
-33.65743294044771
-32.30733188139306
-30.77090155611364
-28.675481880904744
-26.456949079030455
-23.58132212370008
-20.113269329443774
-16.120420045118678
-11.655657035012261
-6.706149988297745
-1.9829157340226338
2.5227281315007755
6.810331813462869
10.83768185031867
15.305961323890761
20.130622409632753
25.222652369932415
29.737243596763744
33.80309847800288
36.80791026013668
38.8360733119687
39.82489411828396
39.75999258430145
38.70536930665738
36.757311539429885
33.938192865851185
30.271677435592963
25.83265724633173
20.677610553991705
15.598675673231071
10.596502036312751
5.73623865496502
0.3199829277017398
-5.551979094332525
-11.777968098737224
-18.24685303561362
-24.853208942509717
-31.763296045917638
-37.636996742940944
-42.62466052341076
-46.686685369875555
-49.95651369541556
-52.30117262177835
-53.631560556048555
-54.060517977123915
-53.70113170350759
-52.51874796567701
-50.57143959115627
-48.53764434077584
-46.39330051487076
-44.152666337435015
-41.85721566651782
-39.5770328103103
-37.35165474885972
-34.44620093436982
-30.89650301124459
-26.63739630715883
-23.14504390517873
-20.317081466445607
-17.387230523816232
-14.221009780002401
-11.72257740820258
-9.247022663943648
-6.710276877723142
-3.9985998202519943
-2.0017311415316685
0.018131847130661842
2.6627659334617007
5.905162654904694
9.656826732768817
13.892882017491615
18.638166693786708
23.906614101504285
28.18128501641795
32.206656592932376
35.92507249634755
40.013164097665694
44.344933333076845
48.07894188639696
51.38889026232591
54.43498792115896
56.450778520231154
57.3866792066922
57.22136820484348
56.79649524358822
55.42659381022636
53.18542511912549
50.092502215471725
46.20555284056098
41.62486370009185
36.40203933209532
30.5694572016829
24.91787059542568
18.756290642225594
12.173057068086045
5.262973926980254
-1.8680325392233919
-9.190068437708383
-16.841930679496464
-23.495595640052034
-29.191680395847637
-33.96144129693071
-37.83034594689327
-40.69559291689303
-42.54367993967883
-43.47319552461452
-43.53198979200132
-42.73609496080354
-41.78375310613924
-40.67304257465196
-39.416378671203745
-38.031846840278384
-36.60166456902389
-35.164902658672545
-33.73130905279288
-32.27466438526686
-30.719609640177065
-29.07136458962887
-28.047085603800593
-26.845408532433563
-25.404672201251635
-24.480751357179383
-23.45786289508187
-22.415332737662187
-21.288109691460477
-20.06587894171141
-18.799014761721107
-16.89316685704929
-14.397890971251723
-12.087026802814435
-9.217682483062424
-5.777322089977552
-1.7830621362760493
2.750372085760128
7.811671539219216
13.324305082957205
19.212105399244038
25.362588968287174
30.905850383542884
35.84162556223527
41.096586701494886
45.26951623052895
48.361065573413725
50.33512938554116
51.20774565192802
51.05332469635644
49.934465040637136
47.87872534614593
45.7050970074251
42.693409352503316
38.91539107909967
34.44769840323547
29.343275555846056
23.669302428952175
17.50020808812131
10.921337445287023
4.062107792372636
-2.8864513877760536
-9.890197749786722
-16.552601672019808
-22.360257410172125
-27.250923547147888
-31.275108111149226
-34.3189910778372
-36.317653623869816
-37.49097869557601
-38.23045460604703
-38.14320090698195
-37.854108758253524
-37.33902378351265
-36.71747330639907
-35.94117857584052
-35.10318203210547
-34.24142115724591
-33.367923789588176
-32.494459051786954
-31.681604335789977
-30.178877975436034
-28.566897052131864
-26.731171344626457
-24.727809776911744
-22.485316231094217
-20.15234104122713
-17.852314466825554
-15.348971496990425
-12.310304100860304
-9.28671864001388
-5.726645414107725
-1.674826852096618
2.9738776272691987
7.3727334989376105
11.54625171136938
16.255820582825415
21.465010060039535
27.148234781999648
33.2326789442015
38.89720983531321
44.06558386905967
48.64771052428159
52.72335983219388
56.441663773592346
59.169379878762534
60.888507780555734
61.53888349245548
61.15123652124066
59.85276789595846
57.713819662284585
54.73820761096121
50.95662094505721
47.17872163520733
43.440613981126845
39.02146108163679
33.9815079774486
28.372497798423165
22.282204444464536
15.793964635390711
9.028550694938259
2.105952179787489
-5.085989642692519
-11.916386570028942
-17.709773151935764
-22.55576893909456
-26.516816675431773
-29.573867872761245
-31.652559605439322
-32.76033373164169
-33.05618123227487
-32.45921963509695
-31.13283241213844
-29.68958381620008
-28.12974917595061
-26.45665275033024
-24.686683621091152
-22.9054969933438
-21.14097327719329
-19.414314738451218
-17.717214713208286
-15.970579644772439
-14.929065670835126
-14.603578680947141
-14.107343191700897
-13.372033146369123
-12.441764411093244
-11.406878824893333
-10.313693297341349
-9.086832761784558
-7.942284481389051
-6.801718144446237
-5.045584896411996
-3.4137892965491905
-1.906767761409445
0.1796209376621519
2.8290923391270724
6.030688662174949
9.736122386745274
13.844030405886507
18.3064782128711
23.117399524402163
28.25567575009191
32.97934177625641
36.603309953567965
39.19048238399807
40.71423243164343
41.21224195098721
40.75622411145055
39.452229899356965
37.37016896354184
34.4830417598618
31.54907143272044
28.58736777003899
24.898120752511613
20.584160857842676
15.68893416007682
10.281677241386292
4.438444346232481
-1.8122069220076569
-8.445361001175081
-15.410971365528908
-22.68166979669129
-29.551293956910058
-35.32651343645553
-40.07667495282506
-43.932045959028805
-46.9826775770386
-49.11669346671867
-50.35723289683807
-50.86436660740699
-51.169164913309004
-50.76774641931067
-49.59030780979728
-48.36161667530586
-47.05763158464027
-45.68176647111663
-44.22285548208289
-42.70994089139645
-41.1794157874396
-39.65735169837322
-37.41310095464658
-34.47601078305926
-31.599142869022565
-28.74963706472163
-25.81390223121045
-22.734485559144773
-19.6924886717493
-16.640258255881456
-13.4293456730032
-9.642103232264745
-5.901960083631609
-2.335929823628343
1.7815471933972926
5.700861162338229
9.416345434798963
12.90408467335557
16.934966403124324
21.50992072239997
26.62284936358745
31.47795914876726
36.06381663855229
40.3359742619101
44.25019954938911
47.661256042767256
50.57763962930362
53.191588992987825
54.81330176195161
55.513286442235504
55.314902856443844
54.26111047114191
52.3627053984016
49.63800792032061
46.85538987755752
44.0606181957681
41.32703383352731
37.9230828869453
33.86985230903723
29.16038241763921
23.83061756469354
17.921128240215975
11.471682872964621
4.579325902944778
-2.569709204535673
-9.91803702749347
-17.576311398071255
-24.872190029755973
-31.153467569874003
-36.390187228501716
-40.668014748726705
-43.94396704434844
-46.30756127935197
-47.92536224276599
-48.79666373327616
-48.97837435224403
-48.91145237853516
-48.178353351230896
-46.75936666598529
-45.220210468788515
-43.54481692062155
-41.68025724223952
-39.66167277735529
-37.5335869230492
-35.3659673814246
-33.18509358349966
-31.007494429455118
-28.792188038632247
-26.545663161960032
-24.177051718322463
-21.751527129120525
-19.267000896710297
-16.6479100988748
-13.896558361541455
-11.004564894900927
-8.345685827644598
-6.361585411385465
-4.336633955351654
-1.6972435036649829
1.524863270465827
5.272724760659531
9.547726641863475
14.3482108155879
19.683146863902277
25.49647746232713
31.714872772349604
37.50967224880831
42.81484280248882
47.558794760084936
51.78971700442413
55.65842564656958
58.54120949073497
60.37921929622438
61.13018068310447
61.61896815434863
61.869759405844924
61.17807329165052
59.54989660709591
57.044470164001936
53.7313500467838
49.68696639061988
44.95227429183672
39.56666799897448
33.61844465413517
27.196599529922494
20.379792640495538
13.257025337046413
5.93091841821193
-1.6364158666947362
-8.824801780403229
-15.025823521961605
-20.29309408834003
-24.563723800164684
-27.944630706335836
-30.44340551713556
-31.988692581533243
-32.553771987057665
-32.316357747720176
-31.229637176331334
-30.04556157456374
-28.778655357426725
-27.33393738755599
-25.770244997616125
-24.1570636262303
-22.528224778685654
-20.894534984265988
-19.251199436907175
-17.529562058631033
-16.46055182932593
-16.005908156241627
-15.349332887370434
-14.546354947103563
-13.539084870005725
-12.345131444625505
-11.086513370429108
-9.77623782798508
-9.048064655082776
-9.011735277201915
-8.954603990466733
-8.176888827756384
-6.816669021671553
-4.88936741988454
-2.3611558925810034
0.7744624253078368
4.5152476628353
8.769321002986677
13.436755228211842
18.438532672137093
23.684800539031677
28.335869984749653
32.53612964566209
35.696172201824275
37.84593992308304
38.96898157837812
39.00553900175174
38.757988110343085
38.27439566474005
37.56150024106798
35.92745921997889
33.44855130889915
30.191754615619846
26.203420186579887
21.52328230988464
16.191853059189185
10.342928981640108
4.072322803428481
-2.5367653611862493
-9.388532086990773
-16.367361559786257
-23.633920532666245
-29.867520043352926
-35.17265354672512
-39.53296937790775
-43.03621610550298
-45.61291977580718
-47.197128434050725
-47.778656844651415
-47.559752334608106
-46.458900556203176
-45.25784988805663
-43.97394460983546
-42.51844763743323
-40.92480947486128
-39.270305311655605
-37.63359944863792
-36.012336551427985
-34.411121803325635
-32.831484961690066
-31.208547904943963
-30.243195643500545
-29.83778945781496
-29.964735318438795
-29.752719602207897
-29.358566765930043
-28.88519885238276
-28.33079609597498
-27.58025201999754
-26.808502546768665
-25.367478646494202
-23.264542049023238
-20.61275643545856
-17.430337061706922
-13.717242924444038
-9.441315606943395
-4.6335999038529305
0.6748224447954576
6.39134046447475
12.41550847876216
18.625962469333217
24.948825424402436
31.45823458917825
37.51599291661212
42.47919111254078
46.336450993231345
49.01118987691691
50.553773074016995
51.04693966175347
50.622981947982915
49.297129655281445
47.10402697980244
44.116674855685034
40.38367292724136
35.97020462437525
30.91656303735652
25.29150576407646
19.200877138549917
12.739284119487575
6.0229914843723265
-0.8958305933371067
-8.132971573102246
-15.78598784456678
-22.436447621573926
-28.11147216121632
-32.80292310157819
-36.53098201611845
-39.26363185127984
-41.000902536162904
-41.819168914386836
-41.76254237731081
-40.79190791053909
-39.72395271549795
-38.50317799736799
-37.18061404594996
-35.751332816177815
-34.29376008381071
-32.841972382350576
-30.649701547181724
-27.71708709535817
-24.7632900932782
-21.79027828920372
-19.512924395623227
-17.853953167159176
-16.76956206747253
-15.471229898255723
-14.06546419149952
-12.642004042101188
-11.148835319039161
-10.327909223354837
-10.312379497057194
-9.555660675919007
-8.168289254496186
-6.142216065628321
-3.559465621406294
-0.3879389831066379
3.3760896008477763
6.949882848424142
10.30699875055021
14.165457694367948
18.429657021073666
22.95054585331861
27.622069392581153
32.57788058823809
36.433229434188526
39.22530133799237
40.94577696873849
41.583075968574924
41.913177800373795
42.00857528559874
41.147916107469115
39.395902524435705
36.79083882377929
33.410352213382204
29.317273819911048
24.580621177293185
19.244865411545362
13.401251746746562
7.1072892202625155
0.4568718254594384
-6.384785966275783
-13.312607683249018
-20.539857789847193
-26.70612479537297
-31.87847812516631
-36.06186336854571
-39.36582108179521
-41.694428055872486
-43.039500894264414
-43.49378811232682
-43.13986147096333
-41.98111627951139
-40.66726250890991
-39.090961468878795
-37.445077680221125
-35.69092737383434
-33.91407283548632
-32.136738315888785
-30.37602474031045
-28.63660125248175
-26.939625145863133
-24.47422198157936
-22.001902878383774
-19.494855076563855
-16.91249420699799
-14.16632629502287
-11.414828719698592
-8.709645536827853
-5.979083454430396
-3.219898678379587
-1.2160668502064915
0.6597921003818141
2.311702440880647
3.8875745979138836
5.305579853496681
7.354320732619092
10.015106561361215
13.258252338439162
17.035943798953312
21.306018839812634
25.27745967035914
28.899630794850378
32.060396901976844
34.700837082832535
36.99537450427199
38.33851328862042
38.78375195644159
38.275752000189996
36.810448506293426
35.18851115125833
33.40841916732646
31.42428097842874
29.269018156637223
27.027885192382342
23.9895189682524
20.20633669632218
15.743091064566048
10.657520814221613
5.045357993129192
-1.0099622167165094
-7.423012694168054
-14.041373376188748
-20.799851726403983
-27.8978187524727
-33.95736313128252
-39.07782710297371
-43.23108404250546
-46.56497135401433
-48.944796283230225
-50.319022556397066
-50.85866456077479
-51.17337814689406
-50.66458489043496
-49.95795887924772
-49.0803644901953
-48.041601964729566
-46.85687468649242
-45.62542321318697
-44.387752945065095
-43.16051249447778
-41.187539584605034
-39.21451048579537
-37.17935783964155
-35.81784349235638
-34.30739779184527
-32.66202253988254
-30.741525456522506
-28.73368706040261
-26.678824426138544
-24.494294287741162
-21.69707902796888
-18.96134609894357
-15.64761426652812
-12.503567734029097
-9.565796701106391
-6.854731290570184
-3.5520743638828893
0.3222983235686026
4.750329913766304
8.932451405733508
13.565465383804508
18.566256164359952
23.82592025299452
28.507269047094304
32.722899296137314
35.84099758771321
37.96312012428013
39.00163249163018
39.006823523102625
38.08681884449747
36.29868090701024
33.60651552730712
30.79398689384187
27.915105535896636
25.011344606132138
21.347673586827042
17.043252224753125
12.119371893259308
6.644488339646347
0.6959399288632487
-5.657473612669766
-12.298542172444456
-19.231281508219865
-25.879017084687845
-31.531607222412134
-36.215510796935654
-39.95083967744327
-42.759513266708296
-44.68807082614511
-45.71126924813675
-45.82797323623635
-45.156308605763684
-43.6483243689157
-42.009554396175076
-40.24466645604846
-38.40311944619856
-36.48180920920353
-34.53133652637215
-32.56403828136992
-30.625518884482577
-28.701135368859934
-26.656969653500298
-25.14561206889296
-24.224275094440284
-23.93067108608926
-24.17226135118421
-24.16054958083165
-23.93416982502634
-23.491779480524922
-23.685876587823163
-23.781372520684826
-23.920109866170236
-23.379641697372303
-22.905235892640054
-22.539774918518688
-21.52632509616205
-19.875307355048978
-17.601052775094942
-15.441063644064618
-12.681231449201455
-9.425166624172547
-5.724276719351743
-1.6470417683470575
2.6697244364823756
7.135959912895922
11.143154856341916
14.121563687400947
16.02229710275713
17.620564023569273
18.246540385641804
17.972233789756444
16.752670788706062
15.327772272824086
13.770008675411317
11.35645990475185
8.151929706999313
4.197203943911351
0.31211757113124416
-4.201193038508119
-9.24849242394626
-14.755676486138812
-20.63614965000669
-26.749549352626833
-33.07661872252904
-39.06073317760207
-44.091845370103535
-48.23862267687557
-51.50923165518801
-53.94086287121872
-55.43318885571051
-55.96609909370069
-56.238697279510355
-56.30252007078208
-55.60363523151008
-54.12653795367637
-52.46069800760363
-50.584524923346464
-48.613816621984945
-46.59068804055182
-44.60004817508862
-42.641911485346625
-40.731404838929784
-38.8018412907076
-37.50986838855124
-36.82993759811552
-36.70365131518306
-37.06344689521174
-37.093393390389906
-36.95415120315205
-36.72143981182693
-35.717014272349914
-33.924082903629916
-32.767333155628705
-31.603475918938774
-29.89282640350993
-27.680192127239206
-24.906885364323013
-21.58797509496894
-17.68257751745744
-13.228080596190178
-8.251132503928035
-2.8168743517649535
2.9719101245609907
8.995597416368954
15.164901877127049
21.46020579622481
27.270927764721574
31.972975517301514
35.59759067785923
38.08634322194898
39.409330976928274
40.44389222817254
40.51120125038813
39.65190683816346
37.91225732300302
35.33834360409964
31.97980411464721
27.888353252255353
23.11640367237815
17.72463422466029
11.81197370994043
5.46809685613868
-1.163253850305851
-7.9867461825916255
-14.389443734258089
-20.573592456033634
-25.852415446791188
-30.224227481953964
-33.63317760143235
-36.12719979294932
-37.74442325705656
-38.47405042341264
-38.32559968535019
-37.34480880346725
-35.52185820429471
-33.65495212994959
-31.749066458354534
-29.744032259822227
-27.653438024378687
-25.520306120964005
-23.390178705469804
-21.282245474783075
-19.200708530280675
-17.724569408851604
-16.798392951343875
-16.449652523269503
-15.9254564261941
-15.25865469172301
-14.42168631435286
-13.433276211604221
-12.344295684907872
-11.141281679918174
-10.58253052896718
-10.758853856502016
-10.173177947319235
-9.60049942373652
-9.10172157195068
-8.693634939328334
-7.618677274959324
-5.882048741931405
-3.5053315094618975
-1.2670910534534352
1.5686781233047455
4.962141319887852
8.86514305293039
12.484254674228694
15.741653734147528
18.550595320496875
20.88206876465301
22.900336107809895
23.95402271467117
24.75249496208031
25.312372886275615
24.91312142646427
24.296149068883803
23.4554767275276
22.419997808640677
20.468979569312737
17.671018141611995
14.085809745204164
10.512036133178434
6.246300813989799
1.3666714752481246
-4.035303240538577
-9.880465815771771
-16.039270297743876
-22.397802070826536
-28.849140481182914
-35.67159556407704
-41.53278545527202
-46.49603825372694
-50.53182587918571
-53.69067833207841
-55.85108892872406
-57.03754542895891
-57.3975996821961
-57.34160732639547
-56.55345935253439
-54.940226861256036
-53.16188356439021
-51.29127880070606
-49.30244942166786
-47.26695148198065
-45.262679259912964
-43.30048822285652
-41.38138228322654
-39.559584136374454
-37.68816411670176
-36.4574331991361
-35.76081998555461
-35.58590676494813
-35.149226762857445
-34.603406831796995
-33.961005824602964
-33.100953255108365
-32.41283597330178
-32.30563786371595
-32.15738793332482
-32.06350131721509
-31.99938079494204
-31.30821647844059
-29.985896041110724
-28.006610038947667
-25.410153859551624
-22.221807831305
-18.510592487359826
-14.376776877520582
-9.939324294165518
-5.307273766906212
-0.44047092136542954
3.3158318145157053
6.061592342079007
7.755917788745876
8.367635011695631
8.664053744516124
8.736000929816115
7.843100822226205
6.738932235065182
5.472891067302211
3.3553338098267314
0.45635561258485735
-3.1761627253900895
-7.460875628713286
-12.331721530666796
-17.69627617098656
-23.449202111738803
-29.48429661619688
-35.7450338552009
-41.60083500811699
-46.493330288174036
-50.53804083069639
-53.68826020886934
-55.972240448424984
-57.38516544281041
-57.90059385297249
-57.554710333177404
-56.428005996360504
-55.122418656906014
-53.05689930878674
-50.290517683179694
-47.45626198340853
-44.576010209697735
-41.67521433804355
-38.82947602186882
-36.0786645640091
-32.66378486022735
-28.56079792570704
-24.45446310630881
-20.32410940760416
-16.89040396918406
-13.37322172856507
-9.752218176750056
-6.06418845726284
-2.39050111790589
1.2766262220654567
4.992936378013604
9.350605016934116
12.960076015781725
15.786830276301565
19.2038121925865
23.15765578348178
27.582178039045306
32.497328195670185
37.9202262399464
43.093993436045146
47.98647952524615
52.53790957646969
56.672098601031884
61.06411334186618
64.8961351721656
68.35647533913911
70.8322403176843
72.31453560600013
72.77142240341122
72.20270532953774
70.61690881926967
68.81073762736467
66.86545243172623
64.04344757340309
60.421573042087786
56.07582432911342
51.05270107240292
45.39258449647495
39.12940590850676
32.365621094107894
25.187870608964257
17.71890191434349
10.053929232316753
2.231241017959469
-5.918961256664603
-12.995979387714888
-19.04502555871349
-24.07812896067225
-28.16635968748898
-31.36800184769071
-33.59064906489912
-34.876416249342235
-35.33119131697261
-34.87970472178369
-34.357701705223235
-33.646405971859714
-32.75255831241145
-31.7085205499762
-30.55463921225662
-29.361822197777883
-28.161844726416017
-26.952727466352457
-24.951604911469804
-22.908050709644055
-21.57434080100713
-20.882923627224343
-20.017720721646853
-18.93657664739109
-17.64986879878931
-16.29569465416294
-14.884401318901633
-13.320500250968719
-12.465795386252841
-11.565986100457565
-10.013637845193932
-7.832318418433803
-5.062211817141444
-1.7587454024809754
2.113416678855285
6.532356165423808
11.482203832631216
16.142559878945644
21.200601785208594
26.552744084153677
32.08626396032236
37.04069731843186
41.56833201125221
45.72640739641484
48.81013805439606
50.802740626284766
51.66715621104848
52.190926945837894
52.45911587064487
51.73361807939449
50.074017645784174
47.55087490323373
44.242139401924625
40.19171410462874
35.46011344314797
30.116569325316398
24.249703707205953
17.978217209348642
11.44153298394079
4.805700994654073
-1.8861715299923756
-8.853320121880834
-15.526773684178488
-21.256320697445208
-26.12053583280563
-29.978558404930034
-32.79239808130476
-34.769596978951625
-36.331826662358985
-37.027865712116274
-37.45703170099057
-37.548057852463884
-37.487598881452996
-37.2129361479067
-36.808793408607286
-36.33426821916146
-35.84708546754271
-35.37071907154962
-34.18810101709172
-32.37974457322978
-29.86627880682472
-27.27240446434165
-24.53503148705044
-21.553653975785682
-19.213897767054494
-16.843633867819094
-14.299384173187251
-11.153807701215603
-7.925564419182754
-4.87554036651885
-1.3512578779310227
2.8028602053068674
7.447837979787477
12.586674901806829
18.208414481082606
24.302872401911557
30.85480222881834
37.03471981811237
42.790578394210854
48.0126059005505
52.63033116913279
56.76234143357648
59.82050214142872
62.61742388189788
64.34083851250044
64.99230041281858
64.58953196015254
63.1610965945969
61.556739626947866
59.03320613319079
55.658721668294675
51.50768673202957
46.647956701679526
41.13125744038547
35.02667904519628
28.37061899927757
21.270000739765944
13.838632136258193
6.229155992559328
-1.4162253737485113
-9.165274042287027
-16.488858717563698
-22.838564651319455
-28.273298868124375
-32.843268537754795
-36.4426228427349
-39.01984800238334
-40.767330955969165
-42.23101289287779
-43.50967012394346
-44.514768698808766
-45.2389653142591
-45.72277468527542
-46.00773945963847
-46.148862503580546
-46.214013375008584
-45.490511873248295
-44.76060498965723
-44.05437689673606
-42.647778452725504
-40.50032085872929
-38.241505130385406
-35.78729300918113
-33.07872800653249
-30.280056050909533
-27.41736396075494
-25.123208138128604
-22.19416724756934
-18.65298350627357
-14.578336606059116
-10.730704918276126
-7.068721445872915
-2.8732903023674634
1.809422057115447
6.980694123610105
11.893819432748554
17.26199534387143
22.98288407227373
28.164504667440383
32.75474320069326
36.86692016283338
39.894179715951566
41.939976252056
42.96398602704615
42.888813410370005
42.52721219817554
41.24164087105397
39.10087045558307
36.122299064160444
33.04685784289056
29.89541129954724
25.980065508419603
21.409726646698232
16.23947557984277
10.499204802669695
4.2595881637019835
-2.3697597071668746
-9.240768742606713
-16.26587025541516
-23.562465066717465
-29.773125748076126
-35.070130729689154
-39.415818935901044
-42.80717991067738
-45.32292053116913
-46.88926761361386
-47.484747951982584
-47.23940341506411
-46.10317505521325
-44.87822926080268
-43.53886102894522
-42.01189734814657
-40.3657972599135
-38.63834434577907
-36.90112429975822
-35.18122932886824
-33.49520092368831
-31.816114180323666
-30.08893562739011
-29.044896300150633
-27.84562267588233
-26.48887271606028
-24.976571749968258
-23.259930372443918
-21.481472687085688
-19.657512511904105
-18.451015405333564
-17.990812546436025
-16.81547971094843
-14.985361656200103
-12.623945882680452
-9.72127924497353
-6.275794259469609
-2.2436974388130153
2.333676471131039
7.4274016243335765
12.961700356678996
18.85679645621571
25.051750623216794
30.668517444689506
35.64486446663401
40.174501103717695
43.63338625319187
46.067802134603006
47.401265468525445
48.359098704307804
49.030401811009085
48.74285161342775
47.510948352495895
45.40163457933763
42.45725106233369
38.74481684653167
34.31968655722663
29.237543243457427
23.5674959101251
17.40036629192986
10.820190523545483
3.907372770360149
-3.1900073428398583
-10.457638504664816
-18.06592153284297
-24.64865768440708
-30.315436199326147
-35.032558586404825
-38.78561660455777
-41.54689379422807
-43.425440183296175
-44.94179687173283
-45.56736027906796
-45.93672202612587
-46.0862070444705
-46.050794699301356
-45.82304395170366
-45.4378983984536
-44.980527179381326
-44.493543110102365
-43.9865056898885
-43.45844410501677
-42.073018981625374
-39.85501539633158
-37.548961643519505
-35.831763607926355
-33.905250815168166
-31.81506384833592
-29.631200074734135
-28.018219461213203
-26.493992522748055
-24.95072087640725
-22.800920463101296
-20.048159158015007
-16.710266283361676
-12.832510062967676
-8.459287526252703
-3.5747168544694223
1.8141853751869395
7.692779847326829
13.993390797986867
19.889925986002762
25.312450539015913
30.14386702095043
35.145072773796855
39.70806410405819
43.23356802596761
45.68177791941246
47.749816687246664
49.45976687702722
50.158606984943724
49.889973202966964
48.65932087306281
46.52894006813958
43.55792521605872
39.82130185228129
35.387615402873514
30.315164672522954
24.651868581312723
18.471459459634836
11.868740468278745
4.969666018886454
-2.064998859030114
-9.2398983600696
-16.761558219974543
-23.285586082316396
-28.8493489564497
-33.492633693878076
-37.25700940462641
-39.99940981772195
-41.7342276338617
-42.57490279798218
-43.164047972161384
-43.5012804892632
-43.61471251840961
-43.56367096947359
-43.335239292035205
-42.951195095342975
-42.48786283297862
-41.982933492716256
-41.470670431120425
-40.95237446604674
-40.38999928303482
-38.98930352164094
-37.48646831579498
-35.83410031612926
-33.972869949308695
-31.88683213492682
-29.793464305378155
-27.66310848585548
-25.382968285211334
-23.16986092298436
-21.112896162127214
-18.46539192934636
-15.189959226943463
-12.111483932635961
-8.512431782955288
-4.370938291767334
0.2948126826834541
5.486632209578022
11.155391088444935
17.2179324047288
22.836922361512812
27.937857182714975
32.47633415418593
36.539890190128865
39.54086174842502
41.58829839288365
42.59733107078597
42.527328565767164
42.169874380535305
41.621299088499995
40.14645605212868
37.737413079172875
35.23448087979275
31.937814715880283
27.9175603582404
23.22815442574022
17.912853893395198
12.0796741734392
5.786569709762094
-0.8641068467920416
-7.722026322453766
-14.697926422218057
-21.882943466465814
-28.009326857378586
-33.324169194747334
-37.68279212490834
-41.22522055807332
-43.79395408270877
-45.34079384682042
-45.934391082317255
-46.041477647601965
-45.39925896772872
-43.94447524647407
-42.37024653444351
-40.65051786726532
-38.820966086383606
-36.97982070693218
-35.15321975905371
-33.35327535398037
-31.611386507774988
-29.93578633387073
-28.269449648510115
-27.260223888121487
-26.733762207853392
-26.044609847375316
-25.06447556809629
-23.964668222685724
-22.859854193155627
-21.707838442244068
-20.089871706883603
-18.34595294847423
-16.576141490675226
-14.158272535532882
-11.156623211401048
-8.35118096815212
-4.963111194827422
-0.9816940620881391
3.5550170165461408
8.620116268719093
14.160542162469147
20.097962398901338
26.364858971671147
32.82002857972744
38.62201057749799
43.922466791841565
48.12886857774287
51.31057236419135
53.473455253791165
54.55347616781643
54.59974482220704
53.64554699075003
51.738030991841676
48.92805533541189
46.04701583142023
42.371057190725445
37.948790575555364
32.855788271559334
27.152418137472363
20.927018093294095
14.268332381776773
7.248645572435018
-0.0006259943393295567
-7.4030058205324565
-15.046773765045918
-21.641604967691784
-27.333034544282143
-32.12425284585402
-36.009066295417625
-38.8951072628985
-40.7885695453946
-41.8343153016839
-42.555620682852705
-42.46634463721056
-42.22416988612837
-41.817644512202314
-41.27093673655216
-40.57731447162255
-39.788117336281665
-38.98115821798388
-38.14864478072362
-37.2867993315629
-36.359884564746366
-35.38347411386743
-34.279733537970266
-32.97653635923376
-31.49328023147873
-29.766521148877587
-27.93948385560417
-26.06603799672814
-24.00523295494703
-21.283015760889345
-18.52549415198518
-15.182532357291253
-11.274986762598491
-6.796087121289813
-1.824469333058922
3.611807271618492
9.543212632875735
15.927814551271664
22.001853275648134
28.48785826502932
35.3100504603674
41.61634442228092
47.32044240392233
52.39707262297931
57.030155649455835
60.60040264968694
63.11859277810703
64.53242469519735
64.83993784620047
64.1594880360548
62.588191438876876
60.137766191772876
56.84028778429799
52.7625349337524
47.98259917892315
42.544468341508434
36.504260514348736
30.652518450445612
24.2792289737393
17.481897151725573
10.37874613138873
3.0822956426137833
-4.363665834246335
-12.100054625592266
-18.826650071132626
-24.59710113920916
-29.424377403293402
-33.34440036360429
-36.291274011478905
-38.35333204466674
-39.67396240538203
-40.64233619133554
-41.3680895765635
-41.841226978715795
-42.220008318101456
-42.4074545054944
-42.45233302543142
-42.399008174300285
-42.2863058284189
-42.12846554334747
-41.91339434375093
-41.62146025804292
-40.50962674351066
-39.266710419384424
-37.843247475910914
-36.217394967016396
-34.35569244472733
-32.378973594379396
-30.258624295117336
-27.88181105488465
-24.92416859205072
-22.088462607616187
-18.699405071695185
-14.667280076457955
-10.126997265251642
-5.080161100946188
0.470611789311895
6.5110730088101105
13.016658207407882
19.21574550330007
25.824871226065103
32.065502702702986
37.817590359626344
42.9973105611658
47.55380914252833
51.672119710386376
54.75204323552974
56.80554463851982
57.787221468630534
57.690311849204576
57.31983872728947
55.97733233491531
53.72214045045208
50.632603178788706
46.76438465052497
42.17782082600867
36.92871315437235
31.075963449081776
25.414081535594168
19.232050398821343
12.576454491880472
5.617524577662995
-1.485281650487801
-8.645114534822456
-15.464539018129974
-21.3457436372211
-26.347577704213574
-30.438270270826077
-33.61504855100355
-35.82150951476222
-37.07517939977925
-37.53813124010414
-37.725333593295304
-37.12791497029059
-36.37126332579808
-35.460108873150055
-34.45766125240705
-33.35079672953489
-32.18576644549923
-30.998194761456812
-29.799444841412406
-28.629724199346462
-27.48860752111296
-26.94693285782566
-26.23272098361229
-25.29831406259345
-24.1596673256165
-22.82936642478044
-21.404170861334013
-19.92762248499339
-18.25921287544842
-15.926760968283148
-14.257820480333146
-12.677032446951621
-10.465014295193471
-7.601735212566735
-4.169546277528811
-0.18226817371898163
4.346965623792707
9.38333789222393
14.917643788236068
20.8994889545457
27.266597921182996
33.20785815136384
38.63825214460516
43.49679987841612
47.90282154370239
51.87586538705076
54.85340119503915
56.759871976764686
57.5443551695855
58.02427211515933
58.24582910562209
57.47661968925485
55.767465224987276
53.188726637276794
49.822123542409194
45.722437027954406
40.95429512161665
35.55274844452099
29.576335168670916
23.13645669534418
16.327117670693507
9.274525237336855
2.0857256541764295
-5.357967825304618
-13.105007277381494
-19.85757703760717
-25.638707515679197
-30.48205477047646
-34.31908216464964
-37.098359131666655
-38.87420864462411
-39.77113742498531
-39.83890988079355
-39.723122009831776
-39.41327935726
-38.954843382280146
-38.33500096741342
-37.581219935598284
-36.785274270418924
-35.97179096792977
-35.14336429156919
-34.296652899472235
-32.64943717569069
-30.197971073747855
-27.670189462918486
-24.988232941150475
-22.12600985591142
-19.20217942881404
-16.316136456518834
-13.453887550670778
-10.539597529332227
-7.543421627647137
-4.658485975689914
-1.1935574524112336
2.8501934396366813
6.663432331206735
11.001685287450902
15.879382212437507
21.263849900833858
27.148971591410383
33.480158272764896
39.44217434039521
45.01043710490536
50.10501676652271
54.64062654914819
58.63785400769379
62.28862721044547
64.9217495768161
66.51446779707513
67.04379143735407
66.50633664680836
65.74484586791425
64.04994871977483
61.43084179571667
58.72153971961246
55.21037514570528
50.96625532792832
46.0512513570531
40.509148922525675
34.42066636395234
27.883903704739843
20.968838923718906
13.798559653823952
6.51015829857866
-0.9459809122079823
-8.045169418568742
-14.143649269957136
-19.305061071234785
-23.590209253478644
-26.837635492545928
-29.05343875567861
-30.428479168778694
-31.52865452389949
-31.817964395734815
-31.894542531536324
-31.72060961170844
-31.363618031113184
-30.841397591117627
-30.238756170679977
-29.61647206977737
-28.987927800952434
-28.34351985648716
-27.682534820433997
-26.935723414062927
-26.809817245077085
-26.51031436677282
-25.96151972599435
-25.118610746617502
-24.196949760104104
-23.23151076342415
-22.03269870936226
-20.11096981782576
-18.172310183755712
-15.644238905259556
-12.554038703847553
-9.63573217183359
-6.913407962990288
-4.347587051043047
-1.1565121548171227
2.6170002965003736
6.899263966491346
11.599002380316055
16.684978568222736
21.978181170230037
26.63699111704217
30.80807402441742
33.92969741346141
36.0550921615635
37.11455676823202
37.06427330793101
36.009881818267694
34.07953955559431
31.295302840803096
27.658487456628205
23.971570421078823
20.268310475714987
16.590560531547254
12.2108569089206
7.2491328905882355
1.7574039320094794
-4.167065673341959
-10.487131689584384
-17.000473199613904
-23.61193019656131
-30.49994722551271
-36.41911782373397
-41.42223715730773
-45.49159543895521
-48.65916896126621
-50.854650975961
-52.091667651615104
-52.485358640741815
-51.88875627650936
-50.528988692102324
-49.00814781990753
-47.312999490627
-45.4948527913107
-43.606847081183176
-41.711455028562824
-39.85754591657351
-38.05642197563196
-35.564982390951656
-32.40577254824448
-28.5430230484679
-25.386355142865575
-22.882854974182322
-20.98139131317473
-18.86349424924499
-16.659573184102204
-14.41340758455544
-12.04970012513784
-10.504932978665792
-9.592491489104717
-8.02233954697652
-5.860914235656592
-3.111587691458719
0.1557026275397284
3.9821116426392504
8.333688591350432
13.20638679805728
17.823275214201107
22.1307493135027
26.078042784530382
30.309395555727622
34.72003904030077
39.42971289037875
43.06637555177779
45.674244750010814
47.2057011775943
47.65294412271489
47.8002228599075
47.68084685202003
46.60554778561995
44.60859763522249
41.75775084993826
38.127193974127316
33.77894914531633
28.76914417822634
23.15418260669243
16.99700299932807
10.402947786419297
3.472427446990183
-3.6678860251819945
-10.932087498398259
-18.49463487975417
-25.01470612747603
-30.626158923545905
-35.29366120347213
-39.054789984046046
-41.82360913494063
-43.59674351402143
-44.58410654047606
-45.08581623405028
-44.83457074332231
-43.712669701159435
-42.49925972161818
-41.179069587997766
-39.701645184800675
-38.17446477752592
-36.651900622605865
-35.15333369898794
-33.67242517829494
-32.1850334538662
-30.630892724819013
-29.733776241255423
-29.377615666688076
-29.51631551120864
-29.330032963362207
-28.9840719694564
-28.53464513861626
-28.51751000598527
-28.693688380754374
-28.69574145679469
-28.728543483483147
-28.0361727090994
-26.639964292199437
-24.671973275994706
-22.091622562581843
-18.90398482063561
-15.88537822694831
-12.306953552772802
-8.259678828129857
-3.8480086771921087
0.8061226539147147
5.614355880501371
10.664024661233043
14.600417143262689
17.492281096679495
19.310438403376004
20.740932825124872
21.841602223262907
21.954166420535365
21.161798472910117
19.47234671726644
16.941089300898692
13.625416288082546
9.587988836339951
4.874770063877248
0.29267003543873255
-4.862309913448567
-10.501979710888774
-16.525236955531504
-22.805840608607422
-29.24772653097555
-35.95620241113846
-41.649388046210916
-46.46916869338709
-50.38539719121451
-53.46315741468141
-55.588714085353274
-56.74162159622086
-56.95058587623785
-56.28503202606864
-54.82491067850511
-53.23565900315404
-51.45369408887579
-49.50950504902435
-47.440428182424995
-45.343786011701475
-43.24846892427664
-41.17153763205297
-39.104807887649166
-37.03730627145632
-34.20879051164711
-31.34710706830153
-28.365223185551127
-25.267644260597052
-21.991753431803172
-18.685512335169353
-15.417737614720409
-12.158801519180642
-9.592696980117918
-7.693855077725698
-5.174209650771412
-2.168953218661287
1.3200670841468403
5.279243009682959
9.747570010947875
14.722335823573447
20.19317466313953
26.08126700893504
32.27936478921431
37.922805974365005
42.9464806357413
47.44991023023101
50.862245306522006
53.24411709418724
54.57048973981426
54.831602500280816
54.04580110473049
52.96678562851567
51.606361301433836
49.32317590019204
46.211293043687576
42.31448527591952
37.67402840592549
32.362984855860354
26.43368108370448
19.95082774423977
13.031037197707235
5.802450728477781
-1.587225529329876
-8.988109814881026
-16.476945169434664
-22.900867643378184
-28.464463121100433
-33.085346811165266
-36.78756316707285
-39.47125782515402
-41.12652802411139
-41.92049292148967
-41.70041460315897
-41.30365694450768
-40.68321887557777
-39.64955944105954
-38.43909222757446
-37.084743353351215
-35.67579767483393
-34.26576829034109
-32.899446050776966
-31.58279392184563
-30.350166001065347
-29.206742323124445
-27.94938908622886
-26.445143658806185
-24.758481635999498
-22.84272450937138
-20.843440988615598
-18.834310068324907
-16.65465728692547
-15.230173340605242
-13.838727941059247
-11.836840387777038
-9.433016147199877
-6.458488417541735
-2.958515464055361
1.0753053207738423
5.638495458862879
9.981941891544633
14.090046609793726
18.59886104016754
23.395104179995393
27.619376844438204
31.340759037871905
33.96939903665069
35.62113097959179
36.23643722323328
35.813105237086745
34.35361350601819
32.644283407340225
30.768188658269903
28.030026361246033
24.475638270922907
20.15949252862334
15.158602758756345
9.533904714803569
3.349303064410788
-2.641044935268843
-8.409999053431383
-14.612143300953086
-21.14239613221784
-27.90541516359608
-34.27517533002132
-39.67345251580074
-44.137556386133376
-47.64649589372952
-50.23226997085234
-51.914737441436095
-52.74849711935189
-52.7534269699691
-52.01541907839154
-51.0523143929582
-49.97311740535752
-48.689964249391956
-47.10036699401768
-45.468629224408076
-43.756177403062324
-42.02461809497207
-40.284888194416126
-38.51421614471927
-36.692125461935085
-35.468721213014256
-34.80663964238204
-34.015205723792306
-33.07733954601839
-32.6966791780552
-32.851366102486494
-32.751249177140366
-32.45621622078463
-31.896952694383867
-31.374573786088956
-30.116627304668775
-28.29459782578432
-26.02765089241368
-23.14012135672476
-19.702227763273367
-15.705071604291405
-11.163834783456645
-6.85502314568342
-2.0606490276395526
3.137122386795597
8.634143993689786
13.564546308533552
17.85635729676739
22.476740465956166
26.756723848912923
29.911610564857284
31.953768400621655
32.872489399273924
33.46298147084991
33.05189942706667
31.704518358078715
29.470667066937768
26.413142239325683
22.588681239509345
18.05806998079031
12.862732214983401
7.815817653755201
2.2200550528477856
-3.8263613834925025
-10.193124315799814
-16.764594346112723
-23.410954582939915
-30.393891607078892
-36.400082666647016
-41.483465994623835
-45.61913543543191
-48.8635194914738
-51.104186563597146
-52.33479203668664
-52.675553459472575
-52.7580524580072
-52.08297668402865
-51.24752607437156
-50.28873985823103
-49.16308847534636
-47.891574756115176
-46.57573859748716
-45.26234820854546
-43.971391892515086
-42.696216121509316
-40.69846272656666
-38.68934128257363
-37.31966711360741
-36.505153308094755
-35.475481367767124
-34.20993918154104
-32.879007792963904
-31.531307129415048
-30.042648772991374
-27.885624822255775
-25.67986872941359
-22.870732838311824
-19.436922979697187
-16.21234462493681
-12.489350637755095
-8.228989513239961
-3.4414358388508046
1.8690536399589648
7.634110831067626
12.988332209491116
18.594445124711147
24.36878918982406
30.33430508592702
35.856192187772805
40.30053218676433
43.649449583366696
45.89141157670076
47.00641830550536
47.07772963772288
46.21372719486848
44.45301511527558
41.780887269215036
39.05262296092628
35.561466622729355
31.372914132410607
26.538550793385305
21.162343627779133
15.29229115875585
9.050535955518413
2.5413212594913914
-4.212112778730204
-11.238310398685197
-18.674212543694786
-25.175115072268316
-30.734774040257005
-35.368212157328465
-39.085037218303306
-41.81439955660539
-43.515829359318914
-44.27562788268765
-44.138914360477294
-43.14005926409609
-41.983442542461546
-40.69850357760934
-39.26322010394027
-37.7682979059957
-36.25833783509793
-34.78928565814217
-33.35073400048809
-31.119820282833633
-28.104780687471624
-25.067718589281647
-22.679259536958128
-20.131253137951102
-18.159531790892725
-16.74554505037055
-15.234568471840642
-13.721259763379006
-12.14224253006823
-11.200941897110019
-10.97600332808876
-10.063260415878815
-8.475647846543383
-6.289844051319781
-3.5677140081293968
-0.29240778088720126
3.552054103923885
7.970020552551058
12.139262080312925
16.001145160864414
20.215240209976294
24.670131394394012
28.513056067358452
32.72431898000664
36.64753068584393
39.48990237532627
41.241398534397824
41.8978050998743
42.224213736218914
42.2778412650098
41.363939778703156
39.53461037414362
36.85245255543193
33.3911240743307
29.228085992767983
24.411818119671565
18.966979424428207
12.994161241082741
6.596672878421749
-0.10189606281874612
-6.988019595988985
-14.021070339259946
-21.44988829021544
-27.86148613089542
-33.339081710017055
-37.85563725105338
-41.45899193496424
-44.080916498285724
-45.73058128075697
-46.52592734904221
-46.38194991556832
-45.32145304210201
-44.09325252176675
-42.62982958577728
-41.0299675179789
-39.32098036676405
-37.594802516983385
-35.9122153801131
-34.27231895668377
-32.656115025104576
-30.98681587619687
-29.220445979962363
-28.12142566701559
-27.5681882496382
-27.539880562711986
-27.973740711940074
-28.204667832703265
-28.29715993119619
-28.158485098195175
-28.669340043633706
-29.897546059037758
-30.38837262637887
-30.283733740320162
-29.534560201819012
-28.160654401962958
-26.155655374666395
-23.52124281963355
-20.27884392924354
-16.49199786694465
-12.216470674579961
-7.617398186041754
-2.8077528881841136
2.133399485391492
7.392166614594399
12.303567184682944
16.08111061091646
18.742064929960748
20.260810292178736
21.407132325555033
22.266540853080027
22.13339766751713
21.09533197928715
19.20120496179832
16.50191294120072
13.070143192564382
8.95709528065869
4.218606346656742
-1.0914213336182543
-6.917893379668204
-13.089267698005676
-19.495649376500662
-26.086854523143977
-33.0414817685843
-38.961435331156174
-43.94974015605737
-47.993806223350894
-51.16951646441276
-53.439029238345654
-54.697241348990794
-55.05084560514384
-54.41251215944684
-52.99081256430744
-51.48887053032762
-49.8792038353429
-48.169701149849246
-46.366207172969546
-44.51423802556621
-42.67849094374368
-40.86903896097501
-38.31910592221671
-35.02039966396354
-31.010833677455253
-27.051606622884666
-23.044228388396494
-18.984105866915304
-14.80878178554887
-10.596520261609854
-6.489445686883758
-2.410288752597791
0.7678275415577643
3.1889680812538175
6.258167082784115
9.89316704385501
14.08632924849087
18.783161634523093
23.95902230188361
29.60681788918323
35.70837199432376
41.45138667933963
46.789512427986764
51.71968073134341
56.149589648036155
60.130428108210346
63.739334678435576
66.33973038003346
67.9395041870379
68.52044705518034
68.06428179467935
67.35027856116379
66.45518426993297
64.66737663449979
62.02228855079194
58.579001149138186
54.376000154446785
49.50585200966632
44.032697833727845
38.014305355038694
31.526643119674453
24.653147439079092
17.41557458511006
9.93972619282839
2.1670202437045263
-5.239172631834012
-11.589448337776341
-16.906447935053567
-21.237944484194895
-24.632301806823012
-27.130728123669474
-28.687828410088652
-29.32263192873138
-29.121324727469396
-28.122081788161573
-26.43385519137317
-24.643673461564763
-22.770326446460512
-20.8262306382229
-18.883747905431456
-16.971206035126908
-15.079201428797997
-13.203744130151858
-11.29632416170173
-10.067037646812258
-9.52838191467662
-8.897074522732703
-8.131100824416086
-7.192786921304448
-6.108414376230058
-4.985703649062233
-3.842408069480127
-2.6052546170624953
-2.0740159365509556
-2.167179760164303
-1.6218919452173521
-0.4701887097644697
1.2750892446933133
3.6405039146128755
6.58307379235553
10.033013224399479
13.90445890840993
18.118337791844127
22.639163803506662
27.441891105675005
31.822866850564626
35.17837406269851
37.578734797654285
39.006898339509355
39.46164844984186
38.98122449449426
37.63002315519422
36.21699510367402
34.76298992936411
32.570851741174145
29.6943788967006
26.144614217661278
21.973773992717607
17.229382000908124
11.963480989344756
6.237601877627527
0.12146962546651557
-6.330102782814302
-13.064004851992308
-20.12961017241765
-26.895396613772892
-32.65285273182026
-37.39866941617103
-41.149849489504106
-43.96085537972166
-45.9530685705999
-47.1544402201233
-47.563410051674275
-47.22774903245126
-46.14225494147811
-44.35190431099081
-42.005341858731015
-39.71846331562502
-37.38131146079197
-34.99954256205099
-32.57160132635149
-30.124648402717526
-27.693584788370185
-25.287329987711786
-22.90833468637902
-20.555292385485302
-18.221888424405403
-16.636931371650817
-15.75705798872546
-14.797615401019733
-13.754367935803145
-12.637832879956909
-11.468143252337331
-10.30760491756948
-9.142594596731517
-8.609071767342277
-8.06679793375611
-7.620024256519979
-7.257636941871503
-6.981435274558772
-6.7747524370199015
-6.617807195709373
-6.478854121416175
-6.3354535861034575
-6.933814694889334
-8.255654319389391
-8.798375171489706
-8.611104032988441
-8.451905349009246
-8.388794997960229
-8.513477413726315
-8.888700329329824
-9.574956479302129
-10.568788869953787
-11.598614085582772
-12.68226793194809
-13.79758599453677
-14.938119648048376
-16.09875831652987
-17.32913766900408
-18.65441450848384
-20.08702507970169
-21.62666234920078
-23.255093643519068
-24.942091241143
-27.410359711916545
-30.603019394892577
-34.46972651473147
-38.931903998465685
-43.881186378994656
-49.17244591200151
-54.693837195829055
-60.46419800378467
-65.28582799502298
-69.19364687615489
-72.25510197679593
-74.58528404132446
-76.21632438534829
-77.11991873683023
-77.22024617333277
-76.5250453491933
-75.13709618608667
-73.57436722945188
-71.22803965364199
-68.79068868375533
-66.16552459785605
-63.53887336052085
-60.813894275135695
-58.03698416498408
-55.27073307949081
-51.788133545185296
-47.57991483911665
-44.138347184917734
-41.430665810235354
-39.397983636518006
-37.921898076291356
-36.228251412361395
-34.34084071116709
-32.36218962779126
-30.27750217919091
-28.72820171273909
-27.218279561789593
-26.408904442469158
-24.907868410185042
-22.859466065867128
-20.12168272138076
-16.8775603728592
-13.101606241914586
-8.766281913293815
-4.631864911265365
-0.7166857101201163
3.6775351551172024
8.46156250439744
13.501592654572388
18.706200438303217
23.397268061349422
27.00744660130188
29.603338630431267
31.115682560362853
32.25462264546731
33.04001353563792
33.51970938700512
33.008151579098325
31.555541397952585
29.251371842169515
26.189570505392858
22.39255084842066
17.905590766540687
12.778317761812204
7.085415607630912
0.9268284514359653
-5.597646667108254
-12.330486510971452
-19.185791268324223
-26.347039868577493
-32.51597763099565
-37.78470193412491
-42.106393238493574
-45.5586299076246
-48.05407218065349
-49.55175822825005
-50.068837813128006
-49.77262961332146
-48.65921303697892
-46.85490485526984
-44.94354939937445
-42.91045607591763
-40.78997609285186
-38.59452494791227
-36.40592052339385
-34.24759051982454
-32.15032466587922
-30.115084003611084
-28.01291748985045
-26.545748999328723
-25.654947740809266
-24.58229452898059
-23.26442711473647
-21.831049174981484
-20.362570036844534
-18.88490258355966
-17.2242530064019
-15.469442397015104
-14.383057074926024
-12.639917589653312
-10.28789485034718
-7.368889363977569
-3.9510561441511003
0.003772834938591754
4.497734904070836
8.760947801478585
13.52195088871321
18.68842598214712
24.16225365645365
29.827611556694066
34.84420465902747
39.42248025405014
42.96101813595004
45.46134274560791
46.891992102210764
47.215016363208726
46.47543385000364
45.55465787722454
43.724220006058836
41.006610035382636
37.49611660315928
33.26294712736343
28.339494172506814
22.7684887502692
17.352065804185703
11.41969333743738
5.052299867958413
-1.6476793903627898
-8.55410958597939
-15.605643366923394
-22.995230900977546
-29.313627590484387
-34.63759653273588
-39.1536230790614
-42.8457903627487
-45.55615076821954
-47.42598016040804
-48.61071277002072
-48.78143603935797
-48.18416318102482
-47.41676915508415
-46.439591385659355
-45.42287163579769
-44.27677296773765
-43.07346959866399
-41.850041146476364
-40.6159866196343
-39.38399760685806
-38.105766224835214
-36.751513091576406
-35.34577100865411
-33.81998778606462
-31.967050409261343
-29.81537942865487
-28.325346343189477
-26.631859829948883
-24.618911084540954
-22.615463699866627
-21.274730562947394
-19.347025607982186
-16.893118797168487
-13.720427319505779
-10.714212223897999
-7.142754726347022
-3.03358965615766
1.6269878407459752
6.078012641452867
11.032304920880778
16.39976677466337
21.31932276242771
25.71873038084534
29.58492108429997
33.017721799690015
36.14608668325295
38.26706267213211
39.33768595696895
39.30585697330735
39.041804649441424
37.88574402255048
35.86395661530128
32.938339419886226
29.925288592093764
26.143509179669245
21.68202192847504
16.5498112222829
11.5294025652978
5.928655517364071
-0.13865600040259882
-6.553651250933343
-13.20741985180527
-20.098802742539945
-27.307602454022202
-33.44773383423782
-38.69411744417039
-42.974947969067124
-46.38910840695786
-48.956834460624364
-50.55947337068133
-51.17638160134375
-50.943231865757824
-49.92151634106197
-48.13113539954863
-46.27794264495511
-44.2894763495729
-42.17377189155476
-39.97000841830376
-37.75491823571795
-35.544335392042804
-33.37901797985965
-30.461805458869392
-27.5509317525908
-25.370677369554784
-23.793629382203687
-22.09383643396843
-20.1765064118823
-18.070783012905743
-15.933265605161331
-13.828021429890402
-11.638081041416806
-10.082285407727554
-9.214704529690982
-7.6359332367584445
-5.45874052436069
-2.716883180610379
0.5447518216128875
4.355999663710542
8.696528734404671
13.596872120804598
17.507181723301777
21.95245073301355
26.80063641440961
31.94395707658422
36.52469208452035
40.57322594620841
44.25111930567425
46.91528496121146
48.54601771146978
49.118016838645175
49.36632293447247
49.3617310087028
48.387990783641584
46.48652845957079
43.725512332337594
40.18019551897183
35.900578580475454
30.931519279468368
25.30444175666225
19.842476931350166
13.831509019052113
7.405345911826968
0.7014726697305932
-6.160678684394427
-13.208061157902407
-20.627547390156344
-27.10792132115879
-32.63491045863708
-37.26354654484384
-40.963446580979415
-43.62763684781791
-45.4135802819464
-46.19640186320966
-46.14362204322151
-45.97230276925404
-45.596348951341064
-45.04484662211056
-44.31698801434016
-43.449143566496815
-42.527116533627066
-41.581148992277214
-40.640909998483224
-39.699626578096115
-38.71776192283793
-37.643527559347696
-36.37256809554471
-34.90632357993096
-33.183032575362056
-31.266755060279653
-29.342184635206834
-27.27992962237718
-25.17578642733912
-23.694836401119105
-22.159109128521663
-20.000536518512074
-17.23401472138775
-13.921570535191918
-10.092773402183875
-5.729150939689864
-0.8280828619099746
3.839025435123421
8.988365695593586
14.523449146812505
20.34837755821615
25.60591623711637
30.242852891929626
34.432955329830634
37.561711304773326
39.6730117921892
40.72720112364025
40.65876324253105
40.27755824500851
39.60882425860633
37.963462832676505
35.4408349426951
32.108498291527006
28.026928924199996
23.256133237519492
17.86094775381552
12.619162303710468
6.850024891565589
0.6628557408312833
-5.84177194427846
-12.539154874236473
-19.313765416380505
-26.36265465939152
-32.49678822340809
-37.74432876998289
-42.026918162940156
-45.410568588133835
-47.82441642604978
-49.20052426824742
-49.685351749864694
-49.38455410628282
-48.328575041520686
-46.481471373533395
-44.4972569285797
-42.44016216769584
-40.28911287068034
-38.123748476360035
-36.00747230779891
-33.946735338672745
-31.952574145696897
-29.28801115780493
-26.68419917272926
-24.676452205155645
-23.225983283100327
-22.357413182709102
-21.992385319891604
-22.221226228309366
-22.36966436602618
-22.312489752531224
-22.034299116897547
-22.27044542938448
-23.133832579566732
-23.287316518741253
-22.772224921118692
-21.66301614173135
-19.948652514389934
-17.60796231525642
-14.639811530213185
-11.832651480613704
-9.22615798899488
-6.130253561170076
-2.6805893659787525
0.9956339586358004
4.908505155842342
9.20957046344649
13.227370380771186
16.163034859243066
18.01037702659127
18.771730104090704
19.201048348782766
19.354861781135806
18.531103897396466
16.83809672174454
14.35080327601411
11.11463539694626
7.16821778492446
2.547835441715532
-1.924044724852644
-6.937295091703598
-12.398067697722745
-18.176904218702298
-24.15083036595738
-30.398128702294866
-37.07885479476051
-42.82294623873548
-47.64873496454794
-51.55558392389306
-54.6206288549154
-56.72914145407542
-57.86985887953053
-58.20877761943078
-58.302764602904915
-57.538129105033036
-56.61771546991244
-55.51824222118147
-54.327365249605556
-53.030867305677646
-51.72801789088661
-49.70871520747813
-47.015096777212214
-44.400397347257936
-41.75834150573385
-39.06523074899544
-37.04110095180414
-35.628240866397825
-34.03691085522721
-32.96990474889816
-31.811208019694572
-30.60397996185443
-29.201899802450086
-27.828941411159455
-27.175808036167957
-25.848924203877456
-23.92326162910258
-21.35755409811826
-18.24345055444199
-14.557392873383982
-11.049467803456887
-7.716121084434935
-3.8038128748087616
0.6138092877689499
5.45113037148879
10.641950503651506
16.07033606136017
20.890613092276446
26.01389435444793
30.07399977695229
33.12142941810923
35.0811757586515
36.647998568247644
37.89791155998744
38.13157332578308
37.39969950828576
35.73545202608879
33.23298371954899
29.962158108907573
25.991868390147747
21.373627931467208
16.114770140382376
10.32977072385755
4.104858435085366
-2.4929376088639095
-9.329652308852697
-16.31745705196258
-22.970359414754746
-28.755501086132988
-33.65484646040705
-37.6232099363412
-40.668486795625604
-42.80893130939795
-44.06679802221533
-44.43501801434835
-43.942220816217315
-43.19050566790527
-41.70024718761263
-39.468110686618374
-37.14363721389263
-34.7812672667158
-32.39667834872748
-29.996157464332843
-27.59253963844693
-25.217163127149266
-22.8724130743516
-21.165436407021062
-20.015037459383144
-19.463255223506362
-19.479885256353995
-19.275634647133
-18.90024620535009
-18.37576784297974
-17.753735428288177
-17.03570235380737
-15.65732715032177
-14.892936749254758
-14.827338892715991
-14.090131608195023
-12.655192664088753
-10.60750056879335
-7.979128239440393
-4.75355048030863
-0.9508489463737579
3.395509656670688
8.252239628767507
13.568281041659612
19.287661797623276
25.307234027528864
30.755609534343296
35.63224491170772
40.10007719016173
43.546757904889546
45.96737499209898
47.30054654388708
48.2918883230969
49.01086951949281
48.73216950906785
47.48717250015612
45.36281042479098
42.41449588141528
38.686786960742964
34.23638712780896
29.149834387331392
23.475987293210355
17.29311590689051
10.670983503800404
3.7041316443169134
-3.5305003461456756
-10.991866462940035
-18.072659095904665
-24.196045187653183
-29.39696315269559
-33.62607056708601
-36.92420069192839
-39.33357123748875
-40.83258261511804
-41.470309924425976
-41.1553450242786
-40.02732829691542
-38.84639070049529
-37.45526418990238
-35.96581693042868
-34.37036251474913
-32.70684924094136
-31.022054706003086
-29.317486732990808
-27.55877003502353
-25.72321552842115
-24.553156327878565
-23.23877480186294
-21.766064049886484
-20.171673349176277
-18.424646691385178
-16.522837878922783
-14.525332790726518
-12.421305228856477
-10.3554282238866
-8.981514853325834
-7.577000935095434
-5.589890337802338
-3.7105523971981547
-1.956660560202934
0.4036920717335817
3.3640681295772032
6.891148526042732
10.995584788349527
14.894945887940052
19.309617426301433
23.413207400197457
27.135246294697755
30.37150381752619
33.07641018451542
35.42457512053112
36.81684251149802
37.26921025551903
36.731042632222604
35.94389183984137
34.93447008226513
32.9908827723415
30.88095211168876
28.64395350216178
25.590469847626593
21.780453255881778
17.280923751845734
12.118242985788182
7.088923840918992
1.5077859905680089
-4.538639768723545
-10.941186758308238
-17.560780358106815
-24.3112071538285
-31.317468101763605
-37.95302068198148
-43.61307028980375
-48.31203692335356
-52.117330786672426
-55.0251038590279
-56.90820055495372
-58.392517637509414
-58.99709899927564
-58.74705936174225
-58.406266555829745
-57.908831594649904
-57.26509255587803
-56.44894042084766
-55.50824324026365
-54.50186806144801
-53.462490606219056
-52.40380164133099
-50.57141445189704
-48.771596499000395
-47.00166138610349
-45.864520724247335
-45.29708211552497
-45.19926369824598
-44.843480828569476
-44.42153332837652
-43.32104251578906
-42.82567262241622
-42.997360261684506
-42.390428770937
-41.101820837265365
-39.169400231335636
-36.68143289323741
-33.65424574819541
-30.07618986753791
-25.929338485102708
-21.96160552352539
-18.209665907820387
-13.978749310525377
-9.345268764237852
-4.429091700898968
0.6699637191745784
5.99814764429584
10.165165046156673
13.315438452686832
15.38236892894284
17.096145984609933
18.49484719308961
18.90027128848477
18.339296763073833
