160.02229169921787
159.62972608199973
159.1123089153721
158.01140920416768
156.69440616362905
154.9553622607137
152.9142966674918
150.56768363930425
147.87435340389203
144.95508692903493
141.67670995251305
138.19463359960562
134.39498534033405
130.40656534566912
126.16673317584471
121.75442302034593
117.14677361707163
112.39842113320644
107.50052818044236
102.4397051910391
97.1825294933127
91.69782763919545
86.02944141905064
80.22318274768229
74.3016578724641
68.26683323870785
62.13512199395185
55.93647534710215
49.71224453579925
43.5174593932961
37.367659915519205
31.209009583295458
24.987412392948332
18.731544968575975
12.497670844891138
6.258459168840526
-0.014752847380134883
-6.363365501526387
-12.81423265907184
-19.32279084068278
-25.839171229163412
-32.30102168634427
-38.66596581239703
-44.88231758834706
-50.88486425369621
-56.62716578232249
-62.087449303324135
-67.19741072931797
-71.97587594983843
-76.35029047714328
-80.36263149856495
-83.84099746040516
-86.86833057172055
-89.30647216366994
-91.20473414884898
-92.47087542672078
-93.14033958014444
-93.13772195338626
-92.464060706214
-91.07660197857332
-88.96630517011442
-86.17188786143534
-82.74145330534446
-78.77999383059782
-74.29073738657169
-69.34653471030994
-63.92851693845878
-57.99918510170352
-51.57411964512476
-44.664935767771766
-37.25991872447091
-29.44765681153712
-21.19371428130082
-12.591300073000202
-3.6835120532170715
5.461370901023982
14.775909240555114
24.180054031681067
33.62990404593155
43.07948500759988
52.47601484370982
61.75089541859277
70.85298263740302
79.73051181067986
88.38180023441713
96.80739691521501
104.90978844457398
112.6430873167654
119.73675633305926
126.36477739445552
132.2124115367233
137.62792287835657
142.2658507004631
146.43834997620795
149.89001110821383
152.79943683739515
155.1743645615626
156.9277839807514
158.3567878653091
159.00443225638708
159.49349003184162
