48.20998347083706
48.085874345789286
47.948325175855985
47.70449993861159
47.421457969867674
47.07648631822527
46.70144114097511
46.28337202523961
45.82765465720971
45.332818986302414
44.81301151085552
44.26099754296621
43.67357756654984
43.04597636705642
42.38111307299314
41.68571511594337
40.96848377056599
40.202586157219045
39.39526576880595
38.55756029120015
37.688173302197605
36.77422685384979
35.81866064007013
34.81509412169607
33.781364899933344
32.71421133992074
31.585925387313505
30.403347198005374
29.146146467164343
27.802270156817965
26.380092862725103
24.869363142309354
23.285515817127457
21.610025758239818
19.88105845975906
18.090067763848023
16.24905965766027
14.382371672220424
12.482994833564868
10.581745515203616
8.671843012815108
6.807961116521445
4.991129667316276
3.2591962344396688
1.6123531100479571
0.0776386189633795
-1.329362891967207
-2.6081750371478307
-3.7502635882831474
-4.72797644878583
-5.545750483629361
-6.167437904952963
-6.644093775484104
-6.951011574149442
-7.090620846537908
-7.070923699981361
-6.902558446497467
-6.565919341248963
-6.082102164560358
-5.4262583736446715
-4.616799674568852
-3.6406336139198485
-2.5376873827710797
-1.2938491528548226
0.07270842569085494
1.5834684015776055
3.2055531678374702
4.957389065016099
6.792947117193281
8.710565792618485
10.688382934315518
12.718313185710008
14.772100454002393
16.849971822580635
18.922999299210108
20.984324591351875
23.018921695272777
25.02199124615837
26.96729031032932
28.854164826363938
30.681860852128978
32.43364393971636
34.1072540490091
35.69542440195984
37.193481658983146
38.57244533453659
39.85513976013994
41.0161590752042
42.07387899858483
43.02828701140585
43.8766555279639
44.620006735394014
45.265175897275675
45.81751208911536
46.2744304087985
46.65674406471983
46.97801942977969
47.22729893139024
47.443695676077546
47.55907219585388
47.65784072062274
