163.31582333350522
162.8438291071673
162.31256029216019
160.93628200141404
159.4429718785595
157.18902885822322
154.77049800892502
151.7045908807483
148.45145028349103
144.70097692351146
140.77282949299527
136.50075005832443
132.07605661271873
127.41828818029485
122.62310898533069
117.66302494304068
112.608203450548
107.4599966356091
102.26662016192476
97.0144902286228
91.7225712992356
86.3483498155329
80.87685604360311
75.2732919450281
69.57461350191053
63.708498810161466
57.75711776616233
51.890580896487066
46.16285932313551
40.590704971783396
35.097706669346486
29.667616563625447
24.281827430261202
19.019617094344284
13.823365025339148
8.715697259619096
3.6346947603939896
-1.4320712695344442
-6.53429674288572
-11.71943425555151
-16.924719429985768
-22.093589292577878
-27.225674735593046
-32.24072123148529
-37.17415645205253
-41.965808537503776
-46.66453001479069
-51.17474145231201
-55.563948552192436
-59.64727250101626
-63.494256408353685
-66.79913789918993
-69.75719939886305
-72.23600245540412
-74.37250436591135
-75.89531585981044
-76.98564605776807
-77.39917840017156
-77.35491601773187
-76.5676283652273
-75.2606420390447
-73.14279792851795
-70.47852476282755
-67.0177729522338
-63.09348914044571
-58.530248299252136
-53.60066795994419
-48.14156499376399
-42.356091986719974
-36.119429896264236
-29.544249672847823
-22.57507014164612
-15.25247721874046
-7.548510398572611
0.4875630642879539
8.811799237948406
17.377346008378147
26.096434947303873
34.91926902742854
43.7801233817419
52.628979135343144
61.42162321245628
70.14202121751856
78.78705989322417
87.33612261755057
95.7643628851769
104.04678674530123
112.01676388715345
119.69170707172735
126.86934023752374
133.7494368858737
139.8516067416887
145.5522815424906
150.3620965235607
154.84905203557656
158.43474794624566
161.79265031803206
163.96008561016978
165.94780904713892
166.69549820788905
167.35739964453117
