-136.79007950128002
-142.05830609992006
-146.91455405030297
-147.58780976969265
-148.1144352692558
-148.87546606239184
-149.78418240486144
-150.78624005994638
-151.7820040098254
-152.93287891900349
-154.24977530319873
-155.72424853754413
-157.3142747253333
-159.98736552184852
-163.6076319153694
-166.87435658411368
-169.71034345963852
-172.02313934067382
-173.9929727470164
-178.46278496438646
-182.95271440195722
-187.358941407641
-192.46665818746072
-197.7264146785463
-202.91464749153988
-207.7252114015793
-211.99254924817487
-215.30246081874793
-217.02709863535475
-216.7042273039009
-214.32434613440023
-209.78642588923444
-202.14080474017533
-192.18794769047832
-181.1978071725097
-169.64824796115832
-157.89186264147446
-145.85517251747885
-132.98304694678328
-119.32455640562868
-105.25293580408113
-90.70119913823392
-76.84583489486455
-63.48117415097697
-50.7039987883845
-38.78820513110958
-28.507208541375665
-20.273893545887464
-13.87942332432268
-9.5476542721678
-7.285985501264517
-7.428311021034478
-9.105593808098572
-11.95921069595318
-15.664339735960269
-20.05350083259235
-25.1350369570105
-30.768115592945065
-36.996157475862375
-43.56653770826734
-50.60712687523951
-57.00225510854132
-63.09119204302902
-69.00206409289781
-74.6247930457763
-79.63336646180252
-84.79105924229734
-90.52319274413396
-96.5482177388407
-102.77205729676339
-108.93221413902022
-114.76041295286832
-120.16826111301599
-124.80852100156663
-127.68913724232914
-129.1214375744438
-128.3942522522859
-125.62720648431062
-120.88805856630643
-113.90920576556827
-104.96326193121446
-94.36507993821925
-82.34760751120645
-69.0182541955955
-54.50389505180751
-38.40301497244797
-21.186642396144045
-3.148924169960081
15.329038806507224
33.910060267567765
52.1553434710748
70.11310325631922
87.63340789313662
103.39964365378437
117.39051211242933
128.55688199425478
137.61849742414861
144.56741332141328
149.28950710230933
151.98095812269096
152.2428211632637
150.9459753494043
147.81921291005986
143.11009696772854
137.03400570412103
129.8902765420202
121.99668870126293
113.53068258925381
104.66269070810729
95.48266671114864
85.82107464399603
75.5114649715005
64.20431390849978
52.33425489646794
41.18787819366869
30.261072402709235
19.611954842279786
9.07337872248493
-1.3071838877796498
-11.46928390620304
-22.05419667689054
-32.579075198223705
-42.92841056641345
-52.756443564702884
-61.938196002947926
-70.15754500480598
-76.37287174265342
-81.08545997285826
-83.47432386781834
-83.64444995964111
-81.37534660213242
-75.73913726248455
-67.14733134997427
-56.871475729151896
-45.08328995287427
-31.89989006232296
-17.622074349493353
-2.592030669688663
13.57592108199542
30.54686585360479
48.036726438711824
65.60112919542334
82.61521690224626
99.2796834368947
115.45390343067528
129.49883267824143
141.03676272807343
150.29057458106055
157.25867206217362
161.40909550080454
162.9453862855699
162.41085920274907
160.01696194272571
155.65597239359025
149.38366389243518
141.68715280242859
132.87037394871604
123.17056109858137
112.80888452571372
101.90945229373784
90.75760546125575
78.8954577446111
66.77174728241877
54.19915539271344
41.9370369633832
30.89945355126845
20.07637859435958
9.625854981624407
-0.7044105327418135
-11.10619458639509
-21.745633790844696
-32.376647319613596
-41.797080364378104
-50.53707108716005
-58.61675372679901
-65.52632980156038
-70.72767217168087
-74.49824566503219
-76.11158183465868
-75.5604759330664
-71.81019874909468
-65.69621921922106
-57.479377371778945
-47.531437235564354
-36.068510485742394
-23.133399816816528
-9.056825453909033
6.382787115094693
22.65564367276196
39.5369873564499
56.85694828886321
73.58230485257714
90.35204893099774
106.90496403050822
122.68383188417731
136.11674581326656
147.46198171807217
156.48395032925873
163.36690593211142
167.14511099035022
168.3005881351862
166.8916210435774
162.79057987997763
156.82278568441893
149.34103944365452
140.55883629456315
130.7642397048678
120.29170313147314
109.28563949886417
97.80275972148613
85.85740850832279
73.37962057281567
60.480058651305
47.081641777194186
34.47969493910953
22.78090420249791
11.694324145347606
0.9962305705658797
-9.30009564246709
-19.583972341836198
-29.552100216865004
-38.779325101172475
-47.756180438674654
-56.510765349067036
-64.8828065301996
-72.639280137874
-79.10862238833728
-84.03701007296647
-87.53292626692703
-88.75134666006643
-87.76198968721891
-84.17194229923955
-77.89466404339089
-69.58785318177594
-59.60210515770663
-48.08693363990724
-35.25032835469207
-20.753757593098936
-5.015100521575678
11.572657755934756
28.72841621434941
46.21500781810018
63.594419704983956
80.8192301394116
98.161256532112
114.49456563235732
128.85585319581637
141.10964345617145
150.95108500512293
158.8186448729285
163.54857306546506
165.3756600800911
164.60078463176905
162.07546990406394
157.83632171198505
151.92970195152841
144.64066702229962
136.41130687461433
127.49024374285794
118.0792482671131
108.28015436154787
98.19587471156521
87.77396534284375
76.55431930438355
64.93167503442771
52.81028221244065
40.421307065057114
28.321738800383635
16.32451103054243
4.537766275076472
-7.219000878551032
-18.655393526681326
-30.219111907020203
-41.772169317330004
-52.22033680786516
-62.23815579658899
-71.89718922012567
-80.85349301837726
-88.08621481240193
-93.89588831257174
-97.41550693244965
-98.80757765904197
-97.83870448953326
-94.29811413505556
-87.3947684792366
-77.18502275025763
-65.28676179606298
-51.8994808363311
-36.60079033598408
-19.747728225078298
-1.8346057865763148
16.747712920572145
35.613533910959745
53.676082651892294
71.48428133967374
89.2180632525819
107.0142814363818
123.57276004407365
137.942682006612
149.62140230663329
159.2210569875609
166.30804269417467
170.56388249846518
172.0528381333739
171.4192499616523
169.05990810814686
164.82306434025253
158.89361710458098
151.57890300598135
143.3336878775454
134.42004469526202
125.01405444200775
115.20023221352274
105.14127997210967
93.9780264446759
81.21078930356924
67.07176129535696
53.71751883629522
40.91450404619235
28.422854410383305
16.39124043645858
4.246271437442466
-7.872923337972918
-20.413735663355368
-33.03718017159431
-44.76072686101261
-56.088214081295504
-66.72326551458607
-76.42305945397011
-84.1210601941202
-90.29661146650663
-94.0873409934258
-95.64729021479235
-94.00652980672062
-89.15065930968943
-81.18902055950039
-71.32689651123007
-59.79185245400243
-46.879480321470126
-32.770826303296815
-17.015554927417348
-0.07064911383579449
17.726308779560057
35.93832509346972
53.63074532957988
71.31868716899231
88.89257840152457
105.55652253264007
120.93621974371368
134.12180746010404
144.69719147135643
153.18435366053595
158.42225152949797
160.62550150105963
160.04969255548372
157.6243322070669
153.55114222355945
147.6571191316194
140.167607517376
131.4572332890465
121.8731801045463
111.59924175456563
100.84865206141858
89.69543155235843
78.18287491798954
65.46843178420197
51.9897697365648
37.92827961070217
24.863035594592493
12.439364583834285
0.299255275456427
-11.37987154737477
-22.728179770229985
-33.7094527991864
-43.963615915849594
-53.4901198424158
-62.547259481763014
-70.89330602828976
-77.876302200922
-83.19402407559215
-87.0114320345418
-88.67687939645347
-88.073618116564
-85.0748148439213
-78.96659887255753
-70.018221590685
-59.315787923922
-47.16841376531779
-33.769248119093255
-19.39838680271345
-3.665783142678032
13.08984264868102
30.500559332591617
47.381130290447366
63.58625068081894
79.70160069082692
95.96195585419656
111.34459562110878
124.40294320738408
135.4138631504865
144.40302215498687
151.38662615172953
155.5373760817893
157.0842815234044
156.89861132019095
154.64807872633298
150.65943625510437
145.00292089833744
137.97892281014992
129.88339265807153
120.8764283347481
111.17499986068654
100.93100009289269
90.36729349484862
79.50909009939255
67.98357437352828
56.1066130858242
45.07658355616772
34.84227909299718
24.77249555616225
14.851523792591282
5.065423533910608
-4.745572526921495
-15.076749759420474
-25.164650215730436
-34.92958171129103
-44.11802285403762
-52.540718059290334
-59.67664479855045
-65.04573235056863
-68.83400350871622
-70.26444405878688
-69.33787761496087
-65.93197877261302
-60.01220915956672
-52.05234464273399
-42.38171915970628
-31.169843020191102
-18.58976842707248
-4.994319826015566
9.967319335428202
25.90498023848927
42.51496368764248
59.461644828556196
76.37039226193754
93.08105218185882
109.96621453834048
126.35861188567948
140.16047173191637
152.08016479856855
161.7586436711897
169.21594787227036
173.8863795591154
175.42532613731535
174.30176422614727
171.38505277218403
166.75329308768178
160.4552961591966
152.79919768981785
144.1641041989329
134.81612544867627
124.87516309027495
114.46791018859561
103.72153168689032
92.62234656359242
80.60554408301898
66.96745624335799
54.26630979508629
42.12824869037886
30.34955684888308
18.84149971370715
7.263849629598195
-4.034832714994796
-15.032466482859123
-26.230239168551158
-37.293578161053965
-47.851782106189354
-57.810240859417355
-66.7350894905252
-73.76538121874098
-79.30719059653798
-82.49705514151943
-83.47370975131521
-82.0591709687995
-78.09287658382938
-70.872066724471
-61.55820126912501
-50.46448989487405
-37.84206771967545
-23.95470122139622
-8.457236197817418
8.171508380627541
25.572638083864874
43.41084158917001
61.36981533244077
79.03089871507503
96.5021620671437
113.07912011629811
128.14910986821437
141.01471119934007
151.22418284210727
159.34334881868494
164.61841629327415
167.33515928973952
167.04086176094125
165.12541222347735
161.29344799928583
155.73717193876286
148.62239074099747
140.29952421475576
131.152820858124
121.465202708977
111.37639755603942
100.93413875490576
90.2405868891935
78.9576831852631
67.33409322734899
54.516197435147795
41.98347691699758
30.198218527152317
18.72683230888653
8.086971916193336
-2.1436307396832537
-12.044898491441996
-22.593111277701837
-33.21474337994843
-43.11754173362749
-52.12222266337363
-60.799880789737315
-68.99826716871928
-76.56463661308533
-82.7908407759233
-87.5240198046693
-90.82961448529382
-91.74023649634333
-90.43707898381363
-86.13628784078261
-78.9105618413781
-69.8447327493259
-59.218469615291966
-47.21882421788183
-33.95649008132528
-18.940839311952562
-2.5779560112551123
14.954125123634597
32.274134312340074
49.097628072141056
65.8582015218008
82.21945497426891
98.21535263978446
113.6107868489296
128.1197868267509
140.5540554360078
150.42590307169812
158.300653553098
164.00167783430734
167.08991552390108
168.0759713504287
166.9138624005743
163.96431365055054
159.52909103023293
153.70379650301763
146.83549152079783
139.01263717674533
130.69370462049162
121.97714777140915
112.99689704629914
103.8750985521114
94.42022575818113
84.24940731386084
73.58088624108548
63.72982018917932
54.28644450923634
44.85475631980845
35.56683045321227
25.994856481548762
16.0390885670309
6.139706611400029
-3.7987826799007145
-13.044285564895814
-21.352348310730275
-29.45994443663447
-37.33966027017016
-44.49383606771643
-50.107947070666576
-54.38660314797124
-57.241226197735315
-58.03527681741383
-56.89167046715632
-53.58191952075543
-48.03552133816152
-40.40383209026298
-30.855172633005036
-19.863076506286447
-6.8755893761957925
7.652595090400834
23.26222855356491
39.634947549414996
55.60469337820858
70.90737431040161
86.15888867261651
101.48563778419116
115.99669526121366
129.16029173823162
141.15024762849853
151.13025957242488
159.02838785042292
165.0452024411534
168.4138901258616
169.2918753819523
167.94628959419504
164.9304045830509
160.1373034557036
153.77907487688162
146.16900783093087
137.74381562517996
128.87467927751587
119.76384823749389
110.49043999966881
101.10231201494027
91.42357889456392
81.85854144360044
72.19990138226186
62.46397049273367
53.40837421242212
43.659264252774676
33.121539489206974
22.440348041009397
11.650582908853853
0.8301610481634005
-10.346961549153725
-20.679340816865732
-30.100000268225937
-38.50578036372237
-45.97525369411612
-53.344271178865874
-60.40823219381703
-66.64084808277929
-71.50612807488037
-75.08898388888302
-76.65724926748153
-76.21066813811244
-73.63334729919366
-68.78691635685546
-61.04836244356824
-50.670527956917056
-38.00154799110489
-23.475051748680176
-7.481033305686277
9.700684725162123
26.967919298756453
43.91972096372634
60.271541189367134
75.92564777267202
91.56981275117029
107.21700481688596
121.83432527652391
135.38822984121921
146.7326166531389
155.52900795507784
162.33610483279085
166.3997753995079
167.69093986169977
167.05362135919324
164.83943582642692
160.90726399501057
155.33706014950278
148.32099799649026
140.1521901606012
131.25906972611213
121.87447516595039
112.12148564724066
102.05927038750455
91.71614508815539
80.7889600406173
69.10648110552583
57.10141409247371
46.09853327359357
35.84909280868166
25.817920522634775
16.547038797869146
8.000737193011583
-1.1286241885200294
-10.799196741485622
-20.63228176770041
-30.37443113963441
-39.77782674422667
-48.697996621366556
-57.03888770661445
-64.31113730098009
-69.94812250410426
-74.12796800582746
-76.14362253846183
-76.01409953191762
-72.79747359523896
-67.4411907856202
-60.06452963789761
-51.074869483534165
-40.76025906003917
-29.071153710618706
-16.31518109333796
-2.0647108657680087
13.45809616781891
29.68631632822997
46.21977495919352
62.661151910048204
78.871760323702
94.9970422202215
110.35194748617432
123.86264792829711
135.34825882370464
144.83325910967824
152.63367183449057
157.63566963286885
160.26777460772658
160.88353054055293
159.5721270065018
156.6877400879573
152.1050732073833
146.0570686048429
138.87081667991933
130.57642887980055
121.66136277585089
112.35034949049877
102.81094285537243
93.02503225436413
82.67195663026197
71.06358451251681
59.60868451549882
48.90526503261634
38.38813388516742
27.82358255112489
18.05340305831236
8.060033791248905
-2.4134959828499496
-12.995256055287927
-23.55604752597048
-33.648184036943334
-43.11503335159241
-51.7002846745803
-58.463218024219294
-63.7745545317452
-66.8787142530021
-67.84251304816623
-66.64274503165572
-63.046882910147446
-56.32724231921476
-47.65060156437261
-37.33738366716065
-25.61268690997789
-12.665535057606906
1.307764045266911
16.66829123742454
33.03454625348298
49.97338753869473
67.12878634221204
84.09256491017221
100.73619694184396
117.08045491812236
131.88136091153888
144.97695926367217
155.40886923536686
163.69424424914533
170.3262054619567
174.16211871579245
175.48947884326196
175.16217465681248
173.2370757296954
169.55826537699488
164.24307288858463
157.5286434814617
149.76320618557673
141.28632009466264
132.30166392059613
122.95593300197827
113.3795838137598
103.58036119928158
93.23684069081312
82.63638324313109
71.39447162504534
60.52456501692882
49.850186718862595
38.97664143036969
28.08878392649127
17.11660004555255
5.58639466643908
-6.282563275059233
-18.062648912822237
-29.440033063430842
-40.322870225887
-50.659647685533436
-60.01365551423585
-67.69887568877611
-73.89511331396054
-77.87916786722353
-79.7063381418635
-79.29657993084281
-76.49158768267785
-70.50717551361856
-62.378787805072115
-52.52201202769777
-41.27218146124263
-28.15515598200452
-13.489405948234737
2.3803696665408984
19.011488662872683
36.03307909805469
53.072992300323236
69.87266602632397
86.73872058191648
102.73580184679066
117.49170647665396
130.92058960656266
142.03675427052366
150.96021482522724
157.59927669788397
161.49387618311417
162.75964996355296
161.51228332576278
158.3398409519686
153.40805838167472
147.13259350593364
139.6924683601968
131.34716117153897
122.38984466893733
112.97432658597357
103.21306405154309
93.25572591523161
82.67465479970643
71.18493462764054
59.31134162549116
47.37544757385628
35.807796318518086
23.803857523325718
11.335330766361631
-1.187270116083002
-13.539951167842252
-25.455370942545922
-36.435080345989014
-47.03452683231307
-57.19128085276211
-66.66353920967696
-74.62480925418544
-81.07216116340001
-85.41654279463181
-87.81275881474578
-88.0716041720282
-86.0290915665667
-81.05897293685271
-74.01812285620696
-65.14898755882732
-54.72779042601876
-42.179165782391514
-27.79149004427511
-11.831766733116035
5.325102235234594
23.353724404545844
41.13824475774964
59.01255512760435
76.79734808951626
94.56435164190866
110.85670748299803
125.75938640312405
137.8988117901193
148.00489967277295
156.06881004237775
161.07695983476174
163.56803475029994
164.3227509403695
163.35479261692842
160.72177713129435
156.44639993119134
150.80276188169535
144.08017697676038
136.44070534261718
128.01789295852512
119.00316086582593
109.57064068177614
99.70757974135824
89.11831261612257
78.35367528647481
66.49486583227568
54.427902153626086
42.70888054427452
31.32787924152231
20.35960007242945
9.398412663426715
-2.077521127610793
-13.76220095389463
-25.394951592199476
-36.70371949609
-47.573761830398645
-57.836372300947424
-66.59164725098434
-73.86985969072359
-79.74183579901921
-83.45196588219804
-85.09018761232474
-84.35743761227458
-81.0333513609587
-74.75888427481172
-65.69534589459124
-55.13434717611837
-43.285850091044026
-29.608517617421285
-14.387627839042834
2.090507552317175
19.170136991200863
36.51682557188998
53.87395685100442
70.91393651075862
87.74320319579603
103.0845308627232
117.67587618121556
130.18655431762855
140.38596461487657
148.40947641033014
153.94327992053613
156.39362682869364
156.34899707574027
154.72196125608713
151.4095584586843
146.43282611227357
139.99504615355644
132.43389179470802
123.83427533024063
114.70815109463302
105.11326774418212
95.10666395672791
84.8444034493631
73.94836473500636
62.9474247883277
51.38727364990433
40.72850022637491
30.5798801855474
20.849181475099048
10.813856961659466
1.0336164652317779
-8.47509837912726
-18.40984546542659
-28.29209968720271
-37.86738181854421
-46.943485828028635
-55.4183240013428
-62.59000438905893
-68.21511895827999
-72.43273096316399
-74.44470442206756
-74.36402340364519
-71.9125658229771
-67.09046466009966
-60.23349508314331
-51.693213727336854
-41.75394531654051
-30.505921498482156
-17.387022326623878
-2.81823878687794
12.750899614296044
28.960339343530343
45.5220337469243
62.04276434793299
78.20965111673232
94.02351725429756
108.52989239901406
121.55721795150647
132.66446198540302
141.40897092196738
148.29338900266907
153.4318095733492
155.6357306344449
156.5869609568992
155.10521171330893
152.02501403986608
147.48769303073703
141.7677668422149
135.09564561464492
127.73618338833512
119.82600986491288
111.54735394434405
103.09809425086156
94.63433460334905
86.05554833180905
77.59473686301563
69.15641519715646
61.34914656443706
53.9075212851666
46.53528232673199
39.00758444203587
32.4497804012658
25.412662448450337
18.672995707562077
11.646903794157138
4.445706391405304
-2.8819442227048016
-10.056436774845293
-16.917495613920256
-22.91702619344298
-27.462277970469394
-30.694804773023247
-31.962289896260103
-31.377049780931856
-28.815694623364084
-24.037396390742714
-17.095392187720865
-8.32066509551418
2.0721310174450247
13.770966725179754
26.576504682097973
40.11950899210799
54.84633203168157
70.62803293698757
86.93215293275202
103.47982560362388
119.87940732563352
136.1342845200149
152.16164622224497
166.82947795137167
179.51074510562393
189.29818868838902
196.88323908983685
202.4992243840924
205.74009706180854
206.23078608971625
204.9454249710965
201.84036157460875
196.97614808000063
190.492468030966
182.83219389081884
174.1865179418886
164.66629781026896
154.65188792497423
144.33787810377115
133.85800120229817
123.06162836699573
111.64248690802378
100.02301115546187
88.83258366972198
78.37843044584994
68.20239819025777
58.048848698851565
48.08185302820858
38.125991785736964
27.69688983748986
17.15184602039393
6.816448109920762
-3.1158939796371485
-12.619549317958516
-21.399655257251453
-28.457672923676622
-34.0505656421646
-38.24671378303948
-40.39953714113041
-40.52698642982122
-38.426183785995164
-34.0553380827523
-27.558175617688377
-19.19891584625266
-9.29326874983927
1.9575766558551302
14.3164509216762
28.17976168324693
43.100658816374114
58.7832223269335
74.84484700050662
90.80881256889386
106.50886223622217
121.98782817254371
135.73157657841946
148.3447993344548
158.9144337669352
167.20881119585275
173.37867977025468
177.009592357735
177.98836016170335
176.37045663116984
173.17956840528583
168.30756981120285
161.93868358566283
154.2748042803184
145.712870297586
136.52893981427033
126.87721798865873
116.90174112041461
106.85282989709074
96.65678148367054
86.03917260675573
75.37741628931498
64.41474082363618
54.022027995707205
43.82321707103542
33.86116117043884
24.350648773450068
15.569826215118843
7.09344015267038
-1.7821847703699802
-10.72794769265895
-18.85616487295925
-26.57975772804804
-33.870371346389184
-40.61618836200707
-46.06855265095237
-50.23515989789915
-53.12152837333143
-53.93425327155489
-52.98818614887405
-49.94199662336374
-44.62565235806837
-37.099388480645565
-27.736911855416686
-16.883921993508938
-4.726506117404503
8.487937631705265
23.196420392932378
38.87371338862141
55.2273897256762
71.12979476721155
86.86034830004486
102.10160639129907
116.8748114839725
130.65159003232407
143.07539461142647
153.847222160738
161.964885347163
168.12175607537046
171.98253141231248
173.35963992715102
172.10382162116537
168.88079094349223
163.89969722546843
157.47060825908747
149.85004622295725
141.14260207149255
131.8105079951101
122.06251396033588
111.38832871209195
100.73776455616884
90.25120553140727
79.75890239382522
68.98399418099783
58.27537278017632
48.00453906381113
38.27940999887651
28.66244715144597
19.342020369086807
10.464933074318624
1.686029000779803
-7.098312384232442
-15.795825706728653
-24.487510763331358
-33.226057604595184
-41.650833582082
-49.543839178208884
-56.65859989293223
-61.627994148486884
-65.36970882883433
-67.85959872197483
-68.39672679380828
-67.281263392172
-64.21535354792108
-59.19676812107837
-52.20330405739509
-43.37522362788224
-33.21691034286469
-21.920203787368195
-8.898340269114748
5.466001017883618
20.647987476438786
36.225762374212756
51.946838304316145
67.38470577958823
82.13581999942267
96.16175187335321
108.30372012105488
119.58465101755152
128.9362596886231
136.00288154050173
141.55372762719665
145.31770052756335
146.97030867304497
146.48067213199596
144.61389708992078
141.4328868712434
136.89177595143923
131.1652709866514
124.46165118331629
117.2903002470122
109.93734624752722
101.72080850444685
93.49034733388649
85.38302802876693
77.20572018619748
69.37344823194708
60.9971886993911
53.09421682088633
45.27226668992362
36.36411901212233
27.344393333424232
17.96472588687362
8.49851357989205
-1.5320705417085754
-11.637444264138257
-21.55025681232569
-31.059002038194997
-39.61097151748059
-46.781949880549405
-52.851013672045944
-56.85145157443885
-58.811040408953
-59.196490883859425
-57.72357420384149
-54.2234858393173
-48.68799443716514
-41.42710211323914
-32.71627399210546
-21.776796177295687
-9.56387201225738
4.34071746907359
19.313980060119274
35.0902607416449
51.433117465762905
68.00297798793363
84.32912928570487
99.66025102534122
113.68888521291149
126.32016068902601
137.48508779792968
146.41579241198133
153.09365227453227
157.75810092240502
159.887064042067
160.27096282547217
158.52317697152472
155.42076822216993
150.74897398664282
144.5309405651167
137.02030092754603
128.68212530861481
118.97502213656844
108.02504743110799
96.72824830814176
85.18667660994204
73.58347117555131
60.97640427416602
48.438793528597394
35.89600775698345
23.5789313541011
12.117839678225446
0.986705235697765
-9.429241315188705
-19.81300647022036
-29.256465087816625
-38.837171411703345
-48.27183798616396
-57.52734622188317
-66.5089281778013
-74.89335592748121
-81.81221906842768
-86.5468367953332
-89.8405494714209
-91.72715734286184
-91.49984653051712
-88.69157629578203
-83.63289828497383
-76.25826981004604
-66.91667995135563
-55.97480537253133
-43.5580512882449
-29.685934370646674
-14.579133080781844
1.32448376072985
18.32495860069569
35.90403840115453
53.70580109654581
71.31459620553355
88.29622989628415
104.4902725058252
119.94728571848688
134.43478999739477
146.66633049503443
155.813431922957
162.96134697211377
167.12444189333573
168.7172174596779
168.28830773334167
166.1861283096696
162.15779763526663
156.34050441251847
148.91764221121142
140.163908626243
130.4345240883155
120.12744935894594
109.47452295052338
98.63238444332873
87.69190564386058
76.63003245764352
63.92382739397604
50.765389515787966
38.65067274369841
27.83511001887705
17.43237050115444
8.126746225091923
-1.2358299952105138
-10.856938810885014
-20.824064048226212
-30.678735340990137
-40.452122374361366
-49.753884477341195
-58.504457516587344
-66.4061070124163
-72.51092906722522
-77.15524351848893
-79.43438876824231
-79.42357189266919
-76.78913104069441
-70.6825788533819
-62.37698386527827
-52.36899894035084
-40.87911408337457
-27.945778421399048
-13.901822484485772
1.613851621219715
18.135201699882966
35.35138588510164
52.89755925499511
70.45668487338293
87.57975159479523
104.496999963541
120.88925164408651
136.02336624365822
148.766629936206
158.93960243732738
166.8518302475306
171.46546490819665
173.21399503019825
172.8360148980613
169.9748450392501
165.25598515950367
158.78001438874472
150.78764332821316
141.59614705735407
131.54617926752937
120.84847760449549
109.79079778339471
98.4885937254621
86.96888920490827
75.01459193190412
61.87639215759291
48.39522589865455
36.217241716712984
24.64512841770678
13.441752915030353
3.4141834684938623
-6.691516434722727
-17.197948069889915
-27.277125720260038
-37.285691805576796
-46.871211531748884
-55.72331248294349
-63.647017675661395
-69.50683103534666
-73.93296225122599
-76.19784901431089
-76.20954601548823
-73.79124416585269
-68.80088329037955
-60.62419104183445
-50.721649871176425
-39.38265753602291
-26.622432658531228
-12.490570570245682
2.572550706768076
18.824182025940114
35.794389513095986
53.097805152191064
70.38504637134687
87.17837141430043
103.21603977542841
118.98728848149327
133.5194429616903
145.85794235843662
155.56877472012872
163.14109320512796
168.11375412610346
169.91790996290538
168.76111179622512
166.11648604973269
161.74145401132438
155.62252249833068
147.79990090675193
138.71752259256445
128.88951883015747
117.90301121571792
106.77384028441652
95.65543901899184
84.58784598652487
73.52404905019964
61.80749385423652
49.285995279548146
37.64386724709768
26.699857031329035
16.091253019715424
6.109977648683723
-2.930782197656568
-11.830887090008499
-21.3433661817077
-30.994435645146662
-40.57020849762682
-49.692179357439706
-58.275532486000145
-66.2342479891304
-71.94850437777774
-76.27903195899398
-79.29642072420243
-80.15879951395068
-78.78999282686551
-74.89066036242916
-68.52229877564464
-60.231799375672
-50.28568520219201
-38.829361223791544
-26.015019656766913
-12.146324800021864
3.179040092551642
19.3784053364051
36.16278647248527
53.176279982777395
69.94495921844437
86.28769392168142
102.67034806045163
117.89056707632706
131.46501376134935
142.81577089208457
151.6957609068269
158.2623975130863
162.11886678793326
163.0182575636162
162.27475039992538
159.69331537205653
155.3991392576969
149.46797516064868
142.19437816001548
133.9522342205569
124.30305999680108
114.23970686123263
103.89788505655515
93.47100678317918
82.93624961345172
71.60206709455046
59.77304989428694
48.16758693419188
37.51577338792775
27.391077949185448
17.624833612899213
7.642886731956814
-2.2252050213862984
-12.595131687017618
-23.100456845616094
-33.59411379035023
-43.769905755244686
-53.476402308315656
-62.66012198020339
-70.10976181990293
-75.98095573042917
-80.4419590837963
-82.6785837702992
-82.65175994095932
-80.06060824369833
-74.81756460031909
-67.48951656904505
-58.34949520941176
-47.59198831035586
-35.36395774753336
-21.287392220689384
-5.69214233445059
10.929968835132676
28.275816284838566
45.92724207229751
63.451581273383624
80.62694781247582
97.62834047171967
113.69810735349361
129.08636351351785
142.03626116888168
152.38505373286867
160.41506527493968
165.39256482553833
167.84253326427606
167.42952344910356
165.6105967037864
161.83992000477133
156.27965880771615
149.25202921658183
141.0746813514736
132.0830748427809
121.81495046531931
111.29759762613115
100.68219331354662
90.05661209305052
79.14761275575057
68.25031571268796
56.46910605500723
45.65529594415407
35.08484340159201
24.674751562880523
15.026406844985667
4.862966791358674
-4.913299411605829
-15.40882121715162
-25.921843141291617
-36.3686112245612
-46.58269364646432
-56.44173382299174
-65.90058170815
-73.80502061690596
-79.99408521621876
-84.77308000537371
-87.37853022581844
-87.95984377044532
-86.33208083799116
-82.32331373757768
-75.90306101700303
-67.41678962316321
-57.25164323111099
-45.60930567329126
-31.946028157637148
-16.675981826924833
-0.2089546037368317
17.144923884780095
35.00922070571631
52.91662231604836
70.49736214409303
87.76591035923289
104.70513405497447
120.52189224353297
134.6038395492044
145.6016848570391
154.55149214495728
160.94082461302662
164.63964310686939
165.8161793537684
165.31427598444836
163.02838132586783
159.1298408776884
153.6116911568125
146.72043118057184
138.80582348372158
130.15181260633844
120.21545956357379
110.00329652425671
99.73467057677298
89.29279344897536
78.34912985213289
66.01287378168259
53.99352871435263
42.85242501437098
31.774726133946434
21.054070932963146
10.683094599300091
-0.04274752538577337
-11.308867857171798
-22.71685206486148
-34.14765592643962
-45.166223922901
-55.53529098053921
-65.14038270633998
-73.1699586864363
-78.90793978594621
-82.45515773949573
-83.83750276893493
-83.0743925524924
-79.96903273589885
-73.72052889265623
-65.53417551799956
-55.586452064615564
-43.983093554414225
-30.867979900869972
-16.423552048602645
-0.4035647053553504
16.636093429216587
34.35105557749839
52.42366022104155
70.31856074265178
87.80286372268606
104.63938730829881
119.91355001841818
134.5400203563785
146.35896737056694
155.82724528825713
163.11451087362124
167.44870515595102
169.28678926991668
168.5960243800794
166.43682834549662
162.44131383191458
156.89990444982027
149.9567683434471
141.9886324202652
133.23962202162818
123.91090063091633
114.08377600558546
103.9566029964807
93.55846495437055
82.91796203642106
72.10000607889434
59.52657383777535
46.808792764604185
34.50874961014712
22.574018295072356
11.603636792999495
0.3721891162320892
-10.578944291385861
-21.927908518548506
-33.14321781484301
-44.08647977708758
-54.55475368761663
-64.43776577237753
-73.1813362318407
-80.23099124655407
-85.77185716680636
-89.03499341558717
-90.07563560380892
-88.72508738875378
-84.76893391783564
-77.60012234741562
-67.79577745221273
-56.51126712125982
-43.909816589937385
-30.131522304938777
-14.811531515304148
1.608115061988628
18.662794293544057
35.99646443497663
53.26543289897096
70.0768360216319
86.37752490685469
101.40022789338397
115.44121218615462
127.6891742365162
137.2118613588957
144.7943829460654
149.92551323970466
152.6608788950185
152.87135710094228
151.61667412432485
148.84917109996005
144.57144862849728
138.7036126345323
131.5896022947481
123.65910363433738
115.2191040555308
106.50884766496748
97.61398402461937
88.72785840037618
79.77250359974762
71.0047248406271
61.58018055676845
52.52082857834438
43.20076003795681
33.790987373000725
24.835227315176972
16.091219188457117
7.908570457304189
-0.9637439201045309
-10.206355017283132
-19.692221344613184
-29.02380002617635
-37.99651693404852
-46.52196848148876
-54.306577557288335
-60.39764832304608
-65.14549000305273
-67.79998839334921
-68.36848675950151
-66.93264010755684
-63.204443448700644
-57.15470995223544
-48.293353630184065
-37.82149169704968
-26.035140380032676
-12.983411296540282
1.0865180243624397
16.57107835215757
33.03809879406123
50.14982196414938
67.45660883893102
84.63633584893573
101.39742991860174
117.65197195981473
132.1808561135186
145.28220693316794
155.43192405348108
162.95845155928245
168.27655283036802
171.00957374709557
170.63172004779253
168.0536254656133
163.3959502526506
156.96545237628993
149.04810146794497
140.05705340361519
130.01713670080022
119.28119955208079
108.0703721362287
96.5826094059455
84.87697870480444
73.15693827926131
61.183130152181704
48.473202822329334
35.172190327557544
23.046827313082616
11.825533548495006
1.1903374767807482
-8.77287107352534
-17.46887049424746
-26.15079962722998
-34.495334129736854
-42.686229807243855
-50.82498778807578
-58.91638568127685
-66.62425430657672
-73.8427383160879
-79.84777121421043
-84.2938819727402
-87.25205332040217
-88.00628185246438
-86.66170935586594
-82.37697725232688
-75.05783811054869
-65.84614380584567
-55.10744557659176
-43.06224925327059
-29.77141645769017
-15.495428594917009
0.16455168316149127
16.70884407915266
33.82582273466686
51.1389504967351
68.26205339406317
84.96463397749984
101.05097424773818
116.32968465946271
130.2969353601254
142.78836958938436
152.0979659066756
159.0804802036454
163.48184350455819
164.71323050632873
163.57236563203037
160.10467519971888
155.08587311579782
148.49733427235503
140.55871851015053
131.5435725485239
121.8131279447096
111.70615514695108
101.42842869046089
91.10251611960211
80.8262261835585
70.63592087627802
60.039278184286175
49.19471625699961
37.60703897258937
26.19292916145395
15.078782896631363
4.569595675994883
-4.874354335466287
-14.518804819608187
-23.935236400659942
-33.620395619519044
-43.32987039623918
-52.90468321822449
-62.0922357581667
-70.83148572657794
-78.73300427775065
-85.11011836514264
-90.11876872969547
-92.9134269817035
-93.58832599898642
-92.18470363837396
-88.36046173455543
-81.47964233863901
-71.86529089570797
-60.579124285972824
-47.93473779139981
-34.043515733788446
-18.438537093123415
-1.56845533726534
16.16919878171382
34.36841147390852
52.68398844969759
70.78181564305517
88.42845131608432
105.52660869268347
121.21468828600756
135.42211832310977
146.68129140094072
155.40605219796154
161.89293707178237
165.16497055655947
165.2050106525928
162.98710543547887
159.32560854124574
153.88260147226075
146.9775332717394
138.72090784628813
129.45703362791656
119.49484940504226
109.10182824784044
98.36075303757956
87.29462702904586
76.1038628216702
64.43460743212884
52.489628948137074
40.651276360464124
29.8088712911726
19.69715434110423
10.067612311060554
1.491240688686381
-5.824834507896977
-13.194475279669408
-21.111982804664148
-28.994651890510323
-37.045090168289676
-45.00321886199035
-52.86038802381932
-60.186492097449324
-66.77567421830435
-71.80136707086227
-75.40159434614988
-77.52440657826143
-77.43313642983482
-75.20039356710166
-70.63912104798723
-63.95868231261493
-55.683626440589755
-46.054509222989694
-35.133302732105314
-23.04699123908217
-9.322155661270836
5.614099512276392
21.409295878579456
37.70492382223249
54.08168808026372
70.3289102179442
85.87556744583608
100.75224537811916
114.02288349122443
126.27037816861845
136.23232506049024
143.75523486964005
149.3158050072468
152.52339730598632
153.30788735619316
152.246705879311
149.0299015594252
144.46181394400358
138.20327127811635
130.71934532820103
122.35413274252943
113.38569519305766
104.02627918500362
94.54026290517743
85.07393521887121
75.77698752031134
66.41846238635483
57.16827281566466
47.614055097528826
38.910829369082464
30.54714970678449
22.28978619539454
14.25125160778918
6.50886230700861
-1.01190949613665
-8.420376530505559
-16.300751065518554
-24.110474907339125
-31.99593026197806
-39.20056691439556
-45.54696364617892
-51.59211978402764
-57.29526514850283
-62.337327132456934
-65.88145512355365
-68.10065168535212
-68.95900998225504
-67.6703008394623
-64.35250516799869
-58.91973425681333
-51.43870148323812
-42.13331185984656
-31.304001270083493
-19.18515595251253
-5.223357066865817
10.302668823369455
26.96661453547647
44.32139421447965
61.29526724246811
77.47674990174811
93.3454002459908
108.79648144453971
123.76529771357623
137.10006558539735
149.59661340795125
159.75149117205032
167.19365734909732
172.59777351917904
175.29747086676176
175.38262158042858
173.38053758183426
169.8841510669061
164.85645800574318
158.33507971047337
150.66417470171695
142.07014977817576
132.84735556652754
123.2842705416007
113.5725876782674
103.79120721019954
93.96901195708529
83.83797647767989
73.70497837376568
62.915191686771536
52.24801347902962
41.50409466975226
30.290521584697988
19.993246015858702
10.484450210112557
0.730261081858566
-9.531618145917548
-19.965693323061895
-29.668391477256435
-38.68906692836479
-47.56621686492678
-56.12070681665322
-64.06702703605626
-70.57202091930607
-75.57078126144525
-79.13160822256185
-80.45432938612319
-79.73476729113769
-76.62217546602868
-70.39177163753196
-61.38904897977848
-50.07384694050474
-37.40765165974523
-23.611195490421935
-8.150640905050487
8.566111228564788
26.114463056644023
43.34367998608784
59.92060483880214
76.26087075418177
92.13575060746201
107.54471165548613
121.57117913491157
135.1276308914638
146.2473408497212
154.98886293249166
161.80240644661404
165.80776647129002
167.47767731425049
166.83157623431143
164.67265608877332
160.49662579880993
154.72483036812707
147.55849557841555
139.1991063785749
130.04733766227386
119.70398337966029
109.1374891735901
98.5155294241116
87.93528266367771
77.16437356630463
65.58137071911787
52.37364574526375
40.47572411335657
29.03382057020997
17.8039885997908
7.3152659477334865
-2.9351846311539185
-12.754046334061995
-23.214836140017137
-33.56811266746481
-43.87218291055496
-53.978102785505094
-63.509142376225554
-72.264152977859
-78.8703576730236
-83.80152177790337
-86.53568610387079
-87.11018276786228
-85.6806031952476
-81.1883417830038
-73.7271842793613
-64.4442909287257
-53.56869352968287
-41.197597724988256
-27.39628174060958
-12.529213043227946
3.2919029825100754
20.078866159305157
37.43765541108536
55.00397969896597
72.46044136333202
89.6017744939895
106.75021124082511
122.89002522319987
137.2426669415023
148.71978957048202
157.9852582157384
165.23888846687834
169.75910609212974
171.61448791740804
171.66042385016746
169.95902168829426
166.48736712842265
161.3305435204987
154.80373484294296
147.0461839627246
138.63128919143372
129.83887705970858
120.78080591121716
111.56317623011165
102.12720505525087
91.95287140877228
81.37146385579301
70.8463935703116
60.14024178661773
49.54945363670704
39.145902437526146
29.397808205508934
19.49845309876952
8.99961995063318
-1.790873697800716
-12.634878084094979
-22.603012133892722
-31.489422480122226
-40.107719416789955
-48.20914996740931
-55.025621915134614
-60.32595417195264
-64.27900877045201
-65.93541713065083
-65.58393617168922
-62.91835591975814
-57.78279699757882
-49.543889176330005
-39.48525752898373
-27.888243700959578
-14.932833033909153
-0.061780225044070915
16.227309769796676
33.48442535977012
51.25697616860415
68.47838506536536
84.90992347144278
101.05358186049595
116.76582078300781
131.09791451737075
144.5652969375431
155.56655312159447
164.2901803300831
171.08367430031328
175.48685639990398
176.81018880696627
175.54929422448515
172.21713649522437
167.23567078362683
160.65336750814575
152.60722301647166
143.5029684588458
133.64599934577777
122.63171142162085
111.3874675046169
99.97849459967762
88.51102755083843
76.8681829109799
65.13588751648734
52.60040864427273
41.27011298897455
30.245804541997114
19.454225895488836
8.315217365872053
-2.5036023537907037
-13.15928481625076
-23.712568793976544
-33.61835724347996
-43.351120676378734
-52.0031067234249
-60.32074538422678
-68.00230600777601
-73.3790852335211
-77.5296204203907
-80.35865244654075
-80.96814982101911
-79.39998077515628
-75.26507112519022
-68.44548804101842
-59.58879496284042
-49.16507435531291
-37.330808829083175
-23.395110112707886
-7.894592831207041
8.644933856687643
25.855015747677452
42.66965070588228
59.479325175123954
75.28990677722295
90.82316770988022
106.36216797816981
120.81317894771918
134.55463417745483
146.16719182270518
155.54406021700552
162.60422785715437
167.03285879705732
168.7240109284146
168.60942458466968
166.58123144839092
162.89254813470438
157.5651869636085
150.9201553269512
143.4266210123529
135.34283507272139
126.8746334065609
118.14272438909558
109.26093874176767
100.19443792710815
90.42050361250226
79.3108506242762
66.76944426780177
55.03001190401855
43.54563407455378
32.54602791840804
21.990721006231762
12.00423938725828
1.5016494179278197
-9.068464487707296
-19.75413764615804
-29.56496688589949
-38.97161356143904
-47.952239176997686
-56.19420378567924
-62.7275756668275
-67.80980826877769
-70.6863170278959
-71.35500347995159
-69.94961611219672
-65.38730168131757
-57.55952048122736
-47.70674936320527
-36.26507521303816
-23.440822171127817
-9.200669574911876
6.112995349118676
22.738743407405853
40.230232994395294
58.216762786923006
75.57812194052521
92.78421824267436
109.57026358470274
125.9023252649567
140.5948917568625
154.61652073651635
165.57731628852744
173.8954074302785
180.2153621672649
184.22210853806658
185.611368414512
184.42944245276104
181.99450300152188
177.7958083824775
171.95307415081842
164.6902778005104
156.33039614147836
147.25547862015176
137.74490779713452
127.96147491650918
118.01082796972763
107.9986712726745
97.66503097840727
87.19983418380772
75.92651226837457
65.61056409408138
56.01832760920049
46.60435959715829
37.34922302220755
28.465287799434595
19.598205537133637
9.976154330201357
0.24931824857009433
-9.517312313192047
-19.134990633448872
-28.37051664959938
-37.104870090196094
-44.998987441248545
-51.21063268028458
-55.86729152756615
-58.35115149029114
-58.74861737063337
-56.94365284085164
-52.79075314833862
-46.50351965576467
-38.6114388709401
-29.22071314105936
-18.39114473769743
-6.213114509223433
7.7559370600859925
23.00093947727658
39.1729853911839
55.805462931583406
72.47588476378982
88.73771244755714
104.28724777454413
119.09565521558024
132.46829776430445
145.02903167341202
154.70139032597325
162.38370040492086
167.9309153827428
170.731388622017
170.72192824624716
169.24661194931156
166.2711545767427
161.6036704886122
155.2346918019006
147.48564619984714
138.65999655903985
129.0796952517807
118.27587374582863
107.27613076168527
96.32947718364923
85.6107262557502
74.83873139172722
63.11925544833573
50.7490118196007
39.30865839403901
28.087253061780757
17.145007102490098
6.972503887983853
-2.2219786108693014
-12.088755274116929
-22.379533265129155
-32.717029789400776
-42.809489429075505
-52.567228203880724
-61.849841090324006
-70.40885905387282
-76.93529650601761
-81.8415270215853
-85.40036066635798
-86.82168858232562
-86.23254068916833
-82.6056343750198
-76.68511284957526
-68.74452554972491
-59.18046184213591
-48.136372177194886
-35.69604870249549
-22.145424868717072
-7.0652410339787215
9.11825682965897
25.978492155989546
43.10749808185726
60.17435165926468
76.9957024342155
93.31836854274879
109.14027460388735
123.94789409853418
136.65876738116165
146.7556411327483
154.86821038806173
160.4706732239494
163.52960979371764
164.16218679772405
163.22450783526776
160.36794044028775
155.82064016175272
149.8443160911113
142.63364205067998
134.52892185788045
125.8571124736569
116.79425706622214
107.44261719737433
97.81765887843451
87.93306121668576
77.28510911145817
66.04046228355678
55.626115810480435
45.806082539551845
36.06350665160625
26.72758459126579
17.867414851010356
8.88177207933817
-0.6807610065276389
-10.211388538494278
-19.716792611093574
-29.051532368593538
-38.02150718259689
-46.47095665555341
-53.9750799648851
-59.76564266668404
-64.19282234878949
-66.41903181550907
-66.50738732160839
-64.37604535120211
-59.890425001569646
-53.263189152992126
-44.96457484727763
-35.17454683852285
-24.021559885442553
-11.648353576312125
2.4029551294568248
17.822611472102864
34.10317747342738
50.823566041526234
67.5952797683188
84.03659574215496
99.96517886866944
115.34899515441556
129.4736594005808
142.56842469315816
152.63424631562322
160.65052122557898
166.3547323722835
169.69396371148648
170.54337218387695
169.27413162139544
166.71201928778822
162.65120504937298
157.01241993399486
150.069547111454
141.98794513197504
133.16689016646626
123.85597450515202
114.23601762807658
104.54904188048336
94.75697213245242
84.46865657671026
73.63673627852096
62.542106643174925
52.544311129306614
42.84349451928772
33.53938446239425
24.48135664206485
15.294789155544589
6.120550518447877
-3.5734133070389813
-13.455677197080172
-23.204263374794873
-32.64117251459634
-41.50840646133528
-49.623063899287146
-56.507156597515035
-61.82275949867736
