150.51124918772612
150.12175965624084
149.61038447181446
148.46361463598257
147.08144381456012
145.2266684094852
143.08291022077103
140.64107945828474
137.88560341004535
134.94172188022839
131.69118351675908
128.29086340429276
124.60388282155179
120.77324545137184
116.64026201622372
112.33984089232939
107.78588715628965
103.00363277745691
97.96056501100789
92.64799243278237
87.08130119419118
81.28848380284902
75.30888725980519
69.18143867037206
62.9309330864693
56.521531017665744
49.958973071715086
43.26675874911506
36.48294788232511
29.67999928909253
22.894723817544364
16.162369337811562
9.494301711414412
2.9077879860548794
-3.6392479192473433
-10.265336416960094
-16.959066699997848
-23.707924054422737
-30.48228424938116
-37.25827730960672
-44.03554299445653
-50.80269218876377
-57.532550333438124
-64.18566049448444
-70.70239362578695
-77.01900294818469
-83.01110941659996
-88.57179964973756
-93.60293627421939
-98.14384646522034
-102.1819952739849
-105.645535201447
-108.54407377657822
-110.78567468815338
-112.33737876667847
-113.15093727387466
-113.21103360444577
-112.51173540673396
-111.07267407262917
-108.904573725841
-106.0309076826698
-102.50742999427723
-98.38271580071945
-93.74304804426825
-88.60098355468332
-83.00952924094942
-76.98367731973754
-70.50509587289119
-63.63556765707664
-56.304130965019226
-48.55656226625712
-40.414787640455614
-31.916852490427853
-23.095331499678302
-14.014101071464857
-4.691701706384873
4.801232630763027
14.44429538726128
24.176318051350325
33.971059705237934
43.728983973760556
53.3645118339774
62.72252431806516
71.76602230641305
80.3733972393243
88.64509814118858
96.52806907621799
104.08449039718492
110.96537705756054
117.47709266320797
123.22843892988065
128.6034776196665
133.21327700176087
137.36472142707248
140.81336193825226
143.69938789891566
146.06499078045854
147.71129348774812
149.0129591460954
149.54176392756062
149.91929422340635
