156.5785738818574
150.2949106102618
144.4753603500625
138.85169092335178
132.99192826890103
126.98490400335523
120.72902177159247
114.25313457872808
107.80024753436051
101.38510372231606
95.25496944872822
88.04598353585676
81.2774216615133
74.89196367977623
67.9146940797047
61.194216917157064
54.96186660033076
48.67611636761889
42.28825516797593
29.423829419835364
16.521139849317763
3.637088209975725
-9.115374008144682
-21.343300327897953
-32.5241737296217
-41.971332922086084
-49.48742133328623
-55.95409461104191
-60.48671524105949
-63.07902437856427
-62.59104775704213
-60.118081132857064
-55.8174580752549
-49.17111635810644
-40.93832141753875
-31.47602218534656
-20.39748537539845
-7.769040715689055
6.2386708054469535
21.316606702605032
37.239249751689336
53.55075581180857
69.95495616316138
86.4231552938036
102.18362671288185
116.6353760274178
130.36770170659827
142.1216675319839
151.75673652250993
159.25168386962525
164.47946612763647
167.69937723519874
168.8401781331078
168.56398744602072
167.0595056723872
163.9534250271888
159.6700248744539
154.3865717593485
148.35200255006882
141.53963981640035
134.1870733074545
126.24045157954046
117.25350239863873
107.38603289571624
97.15563997533573
86.84415953203457
76.09476154925227
65.75462317550888
54.81357887843655
43.51834423079936
32.457448877999994
22.136989924571242
11.49291757309919
0.43125020580999407
-10.6202548492714
-21.8769864627661
-33.230014760641645
-44.59912634272096
-55.67351551202753
-65.93745819913654
-74.70692142459238
-81.22836308532655
-86.69591038601202
-90.33005669273813
-92.28211862251463
-91.36152138342133
-88.54249568764958
-83.28632394134686
-75.56279085986964
-66.38243157611619
-56.10181049362583
-44.22099902745434
-30.837469272344123
-16.095906401716373
-0.26134237419878864
16.437001011152187
33.62983684253194
51.002554312778976
68.23989253079404
84.53979190006545
99.28598469735968
113.46137765445795
125.90795604394607
136.5076565335796
145.27867211762887
152.47056505787705
157.97265400833507
161.3493194356728
162.59153582474192
162.65932176087097
161.35979709061303
158.54757509828394
154.65386242593894
149.78343531180224
144.1353650571504
137.83446888708883
130.9474561946623
123.35504828993254
115.21591417231674
106.38572270476226
97.13851631762502
87.05661832065378
76.42969240845302
64.87508806103884
52.332532835212554
38.93185547448545
25.29610296382079
12.157240001528413
-1.2806821589801505
-14.927957816782902
-28.473725604817243
-42.053066719390884
-55.327653667030084
-67.9763650553039
-79.26828710150478
-88.11215073989848
-95.86778965250497
-101.53513748206389
-105.12895326083628
-106.44506361429981
-104.82143538754416
-100.54995146352596
-93.92728446186474
-85.20242984383951
-74.36046062440414
-61.55689940719944
-47.27864868421109
-31.803521569493963
-15.16067601881551
2.4194967368615456
20.6295859079513
38.9169602864243
57.145991804971295
74.69363397573977
90.56800244387316
105.4848529085892
118.45506457961342
129.4752905573132
138.34272479022792
144.7480799319635
149.56914121184707
151.69709889928654
152.09923796754964
151.1947790060992
148.6663646535347
144.72819968994486
139.65356179973293
133.69534597666467
126.92940997919375
119.4305907251521
111.455514869355
102.64596901414245
93.16295763488564
83.05191584629932
72.19584252918936
60.64140956281644
49.27080182893251
37.30840560002694
24.99916175844855
11.857342729039766
-0.45519990628198503
-12.71563709574739
-25.357569921540534
-37.99308587874533
-50.6282705825191
-63.11591969377126
-75.19071782830345
-86.28134048807138
-95.30899677246211
-102.64127156213276
-107.78550473871849
-111.18001995384736
-112.35575453050885
-110.56763063494495
-105.91050673523785
-99.55474315615689
-90.97253263304874
-80.27043000827453
-67.72536582696632
-53.78115102134084
-38.580022392922956
-22.205330421496324
-4.742777718255191
13.281488407723943
31.56872233011768
49.91529416513409
67.99899873689935
84.74764094532918
100.13421614703411
113.70478411966836
125.50197004993764
134.91590138611116
141.75102734521846
146.30887347842756
148.67336440032136
149.48949060859331
149.08865094681013
147.18057334121525
143.98586345102646
139.6096530806251
134.2936023503679
128.02257948035844
121.12638637342175
113.71545882761771
105.65101613494201
96.79455035360475
86.46856852656407
75.26578890019982
63.29496880569
50.91909320568738
38.20862715707729
25.414666955741822
12.261885789275329
-0.2342591399031067
-13.099602728032723
-26.400827570803536
-39.76534279740015
-53.18673287109877
-66.47328166870555
-79.49464035795786
-91.88805566293935
-103.13884167602309
-112.20786316262085
-119.63956258322682
-125.7857856192217
-129.39143658344966
-130.111486097951
-128.05499957337778
-123.45194295266744
-116.484870932555
-107.38933655670371
-96.29050055031564
-84.04104276055662
-70.15623907936352
-54.798258763486714
-38.15086276772581
-20.57452816165814
-2.4772689130274532
15.649123385621806
33.49759114591047
50.530775143738154
66.13147179294755
80.51924747426678
94.2004640267882
105.94700958536569
115.82341948390268
124.09353179372049
130.32226190580423
134.65427256552297
136.74315445775866
137.71276940278216
137.359325635634
135.48354241500738
132.5356494700059
128.54171131573273
123.7236922733348
118.133571215827
112.13212545760261
105.67319225251933
98.88602958564671
91.36227930487458
82.67031949682107
72.7812686752367
62.47411440533538
51.2658705576812
38.89131962638571
26.646301332428408
14.96077465259222
3.8466747689579806
-7.84255356289759
-19.95264076594864
-32.077347363855566
-44.18425863721224
-55.717418547112416
-66.00399661493212
-74.42341027979796
-81.92789351028904
-87.51272126023298
-90.92549482637362
-92.1991172936934
-90.54689330282133
-86.28850646272852
-79.66096208945109
-70.81382115522635
-59.912435575769436
-47.741600408767624
-34.84532182013203
-20.8808538943242
-5.922453057224306
9.8728204158451
26.174191178238306
42.55157099105116
58.69205450832694
74.3567028125344
88.49142957787635
102.24423885916762
114.10619140512807
123.84581319207057
131.4526302528392
136.82712934684074
140.52366051666544
142.63275169977376
143.44636896188715
142.79167752329283
140.76151065439672
137.30977282433767
132.74458289636507
127.26172756702856
121.07805083018377
114.43275354519032
107.43784899713633
100.09142789216432
91.91466450446985
82.8562013846898
72.83582779583969
62.492027727373625
51.77184492897191
40.596870314709435
28.94872625215369
17.47940266682245
5.815937303032877
-6.3096039534135056
-18.55195979815826
-30.865714425047575
-42.906460972333754
-54.50706271364535
-65.29436057730241
-74.65991948796423
-82.0063137779127
-88.2142021167502
-92.81310547746016
-95.69545228979794
-95.80687886858473
-93.32639289703513
-88.5084346250749
-81.57744391732683
-72.56348091608766
-61.449937915910716
-49.323139395900434
-35.86144459105955
-21.290449460544874
-5.597429998072257
10.770775738142373
27.631205710926444
44.72472431733792
61.98788818767244
78.4692138865054
93.1647552886416
106.63944091204208
118.20339902625949
128.12502861348764
136.15540052813748
142.66859623213892
147.3030156325076
150.25133071342097
151.23662673159825
150.96956526800656
149.36510366089763
146.33778009414647
142.47210886176688
137.7857495823253
132.65251010351443
127.02065241560379
120.7931433625623
113.64953745059778
105.95621971853258
98.15026950365258
90.49025786853467
82.4548699675506
73.76851800086021
65.03896160094908
55.958434919298675
46.2816284110764
35.93612524936381
26.126905805640767
16.472489863674493
6.632946730787993
-3.2165783057122055
-13.511086685022393
-24.17540788161861
-35.09407400109129
-46.02590769605863
-56.72780737190516
-66.79787486062175
-75.85815597533794
-83.17819281302083
-89.21746090435498
-93.22474878753714
-95.14325237414484
-95.8109284473629
-94.67775645721177
-91.18150468397924
-85.28843454480345
-77.90920325239885
-69.43796927013791
-59.50617044066385
-48.13139073858081
-35.27943587828216
-21.052707449183135
-5.715676271422696
10.525949148029937
27.240123768069235
44.08798564203263
60.863694060765454
76.16583518723186
90.31629191109225
103.1964459617104
114.86540232773886
125.28914198719968
133.8225227556995
140.93230719715615
146.42564475743507
150.83795073013235
153.51106050119975
153.95806521513498
152.87837526200337
151.03414502756576
147.84504605615467
143.43714185855796
138.29592463746025
132.6404443579743
126.32798307179782
119.12420678610316
111.55475038726054
103.70160123062794
95.66151406181342
87.2919874661299
78.71442139287285
69.39776567206994
59.137094059108485
48.99861170154797
37.80557487633713
26.957265084649137
17.07002150712761
7.831847870301763
-2.0351143541098993
-11.946952045829658
-21.874010146484565
-32.1726417779185
-42.674611433653645
-53.15264165870499
-63.352646812073985
-72.76148507631743
-80.67168208520829
-86.57456702819627
-91.60629660742602
-94.89139036869811
-95.86283070303692
-94.11309498609774
-90.6463453056402
-84.8145431857775
-77.41795812133103
-68.62558703538237
-58.79254574051047
-47.38503868770305
-34.39413518402925
-19.95239893434985
-4.305547366862673
12.259587226788497
29.501935733754042
47.07345282597477
64.60181836161766
81.2058765097232
96.44292978527086
110.81303348078416
123.53436953357357
134.69384374303058
143.58902795001927
150.25760082009995
154.7997985512377
157.8008118521379
158.39398505846393
157.6698586787869
155.6332815167198
152.1343587321335
147.53317517723286
141.93747990186228
135.52569248378896
128.29718677300588
120.36355481246038
111.58944999415412
102.16147566065202
92.17714365501773
82.20978708544008
71.4294348336136
59.95659665371763
48.09925440288965
35.98115926778117
23.555010074144235
10.544620898590424
-1.6321237592149695
-13.98329302160628
-26.60380972861809
-39.300732564430234
-52.18939283068769
-65.011809276891
-77.52615635173198
-89.2603123837157
-99.49542909432338
-107.95923875572718
-115.10048095082277
-120.45493930848788
-123.80425570278473
-124.20383225365454
-121.9033501438785
-117.09606274448197
-110.00312682505161
-100.66120521463229
-89.40781324617072
-76.72781286730164
-62.779181058118844
-47.57673790414914
-31.33449077542157
-14.391070185716899
2.9338856859404663
20.41748423222357
37.58990253282008
54.10261730848788
69.28583799207176
83.68608237607259
96.04243109899998
106.81447459835283
115.48233590450137
121.51444619514572
125.73836281538709
127.20967852821614
127.15544303829553
125.86959720640239
123.16646224060496
119.39886898796867
114.65155352414288
109.22910108497952
103.18107675442286
96.56760177765184
89.30278643368356
81.56808044475567
72.32001517436339
62.107525727384406
50.9813695567886
39.55416997770797
27.166928604571307
14.214803912099443
1.1503436074465359
-11.729799924326297
-22.874103730267088
-34.22272184764614
-46.02347625767449
-57.857360532501964
-69.73429371367261
-81.44359307075608
-92.90808964343124
-103.49735118299876
-112.47619074615746
-119.19215456630084
-124.6739610970958
-127.68220874979335
-128.1772902167691
-125.86071647414236
-120.99408013411951
-113.62900365756066
-104.11779874120992
-92.42408344662574
-79.58116495286657
-66.08377444881691
-51.279612893235914
-35.20700241873816
-18.24949920325291
-0.7555184538536985
16.885698630521592
34.80169543931952
52.403084348903214
69.31586179874493
84.31332856657616
98.25031747615562
110.52812730697843
121.1344132469557
129.38776667170077
135.86358586755367
139.7811013652688
142.2701900896724
142.82705160252036
142.008612036361
139.8462793013941
136.30461172655555
131.9750753121944
126.92282910567393
121.29497527969646
115.18978721316594
108.3498844513495
100.88705163320306
92.60266566891067
83.30223106683005
73.22237504527844
62.548597398296735
51.28632912247879
39.61992815911886
28.047155419818438
17.49788730129648
6.357165761384283
-4.747728662782647
-16.16473184236421
-27.69957708732429
-39.10104039842834
-50.68040817122353
-62.03206494556445
-72.64550258070496
-81.53629682767772
-88.59948289971685
-94.58141047241716
-99.00274140536814
-100.66189548504808
-99.55169500226782
-95.91683635314136
-89.98300510375346
-81.83424927338255
-72.45842217527616
-61.993650642614966
-49.754536813456625
-35.866657778482114
-20.680865302341836
-4.510269005965862
12.506209775236453
30.134132714569667
48.419058945623995
66.50121465365818
83.43005357455216
98.71786574555021
113.06212417612716
125.90490036510437
136.80076306873386
145.50685491693716
152.53543369433868
156.98586238780976
160.34546624160808
161.02661901920092
159.50398362411883
156.62674109555692
152.49720191987004
147.33944296843273
141.28817832668716
134.41535540668883
126.74470766536308
117.97808483530865
108.32744803853613
98.03771146013398
86.7820297039699
74.70319763922721
61.823412443680404
48.288598926863784
34.31319840509248
19.378842669861292
5.334517133487419
-8.90872234993877
-22.11329900921871
-34.73846786053199
-47.612795502864195
-60.652494370037644
-73.71050834185992
-86.52130144015256
-98.79209497543197
-109.79791174879315
-118.43522586971831
-125.24990273534621
-130.00516922808995
-132.12035514716734
-131.27286368059535
-127.65877702980208
-121.47218616159618
-112.96843647129037
-102.23955467059754
-90.24162551255348
-77.26030797518958
-62.895076819510784
-47.27346280629055
-30.496446713303516
-12.788992318283526
5.58443646953026
24.30963601687128
43.404013877275744
62.048582198289274
79.06015036924248
94.89743862736641
109.0363388636308
121.34122369620165
131.584607130857
139.62064367418733
145.4806842600643
149.43807969951175
151.03434494963352
151.4854366946775
150.4992182220407
148.07220158656642
144.5094626064295
139.98241262407447
134.66088435921353
128.52210429283423
121.70515954072744
113.71561479180434
104.94341774992682
95.42811256601306
84.68194943433018
72.93602442640037
60.474053836102364
47.91718093778807
35.550577317779506
23.4767443599429
10.840577084580437
-0.9125018616313756
-13.327718753613286
-25.742215152840632
-38.10803013036987
-50.595448837858434
-63.129870405260185
-75.56038648493579
-87.44293604808924
-98.17138359810755
-106.56806951428268
-113.07648637802293
-117.47807512887776
-119.34891655333202
-118.31212550181336
-114.38841332180706
-108.5130042036971
-100.85471294615911
-91.70294244494373
-80.36038925576068
-67.65627551496927
-53.246957443966
-37.59840161499131
-20.864690423606092
-3.2170813610423585
15.093635991526652
33.751103653777804
52.67042557626579
70.98972282995629
87.8613745767412
103.33813241290905
116.93934789703809
128.79944582466288
138.5834015085408
145.77032462312812
150.49469015576557
153.0156100700217
153.54804963028164
152.8649571979999
150.86235954931365
147.35424352784125
142.6776283834466
136.9519121101097
130.3742219915795
122.95599544070848
114.88676196655553
105.80459274845457
95.27662219853163
83.34810340995904
71.04247027570909
58.81282516876379
46.15243382783175
32.87126877170268
20.235195485926518
8.420074523776071
-3.2558778048526054
-14.854463778601254
-27.08814012009512
-39.632299774469764
-52.02982051704435
-64.31690411588988
-76.2400638665853
-87.35543767488203
-96.60956656374985
-104.01685013048287
-110.09617362292931
-113.54952773921185
-114.20522363591377
-112.75897673395947
-109.39203176656206
-103.69349856074125
-95.74643443747105
-86.49019918789669
-76.15676420525335
-64.29116582882327
-50.87283014738505
-36.09513578158353
-20.284425240690645
-3.8129077700229863
13.01956176818048
30.154560248589473
46.89004462337957
62.70126993269425
77.2951457910343
91.2410507023143
103.36723945964737
113.71597795302331
122.39235920878063
129.27475267161063
134.23164897266463
137.25390071812305
138.4757364997148
138.4469426196343
136.94238248824388
134.0841197374933
130.28069782907022
125.62174562612032
120.1768264223711
114.08774501368165
107.20748571529083
99.79690261699014
91.5171282712269
81.92204647198393
71.14108550171404
59.808036644484936
48.32574210372961
35.76327944848032
22.216460289025324
8.261002852943177
-5.482901554273168
-18.91247470242506
-32.72637801172611
-46.51459715365239
-60.06333206039121
-73.50052527564704
-85.90098851308782
-96.13611425558504
-104.48260384290153
-110.6776937198651
-114.87681899365903
-116.76944654230824
-115.6278355127192
-111.60556153110831
-104.95736682877902
-96.76996849743645
-86.42734208982952
-73.92461591064941
-59.60510817774063
-44.11546405050654
-27.691520842438603
-10.295812061946329
7.972752333016436
26.701186344887606
46.01159727781245
64.57630483944921
81.57641767662807
97.23558970210256
110.87535523885818
122.39287376629473
131.98449801194215
139.69151348154278
144.9674080549405
149.29504095167886
151.01206828376732
151.6779470030602
151.0043967570857
148.84006039201046
145.67995199030975
141.58552058795408
136.66097554005705
130.79813915125342
124.21160941878607
116.57962101273685
107.63134585774962
97.28236076799244
85.6860976903949
73.3921518904949
60.838072133614894
47.492271408978716
34.02308569283769
21.173050053876132
7.671095164057398
-5.092400797609818
-18.665889497996467
-32.59397516769529
-46.40141087110466
-60.220663573197555
-73.82285744077032
-86.89514583846098
-98.77343208313955
-108.54854444552333
-116.99409704587549
-122.56352908655172
-125.46795070344315
-125.33195820071538
-122.36612820311802
-116.8914585496185
-109.09400544691626
-99.90495592925036
-89.5469904500621
-78.12605925125305
-65.14552511763763
-50.676936753863345
-34.92159811165423
-18.30602428383709
-1.1394318004683008
16.385550934830277
34.27182147554798
51.750349762524564
67.82574880451715
83.28357178700075
97.16285393906082
109.20219304482316
119.61831488529361
128.3296277092387
134.46348528524084
138.91002595262282
141.15309814376803
142.26418315808212
142.0453396968438
140.30706536703647
137.53345639110788
133.67601520117702
128.90346171378573
123.29558660483647
116.9017013701765
109.39506096852902
101.21599937423788
92.44347325382567
82.40431289931381
72.0903107223777
61.21911339600169
49.71666752867901
37.96794968920774
26.578119303759806
14.902917154646156
3.55948232539782
-8.408413231339397
-20.656482438509297
-32.79790441293786
-45.00824402260227
-56.868616437708376
-67.70220451814124
-76.41727603387154
-83.24300526886412
-88.01580257742428
-90.88632530939115
-91.55801181306929
-89.3681168908424
-85.2170914691495
-78.64838039427003
-70.46304739196117
-60.9778978153941
-49.7924004605374
-37.11186010939518
-22.90266752727799
-7.362638530299036
9.229614538705638
26.556911737471122
44.23895078140164
62.0475376201587
79.90507607162523
96.30565869726362
111.45634666027414
125.08780752712403
136.54839232862963
146.14971445336752
153.862624630261
159.77969861482393
163.18386748454904
165.41957905296886
166.0765787344309
165.05628215017475
162.7401974651626
159.1018131500645
154.39309310302406
148.7190130042303
142.22158419332882
135.13488583750055
127.39407092973038
118.45017710537135
108.84345976756241
97.88486762296827
86.63058364983095
75.02860216669909
62.362789107663026
48.73802371484459
35.1955733048927
22.331318980273682
8.96827531667765
-4.487344108386257
-17.87541652204095
-31.30346079946188
-44.47232259579056
-57.16797811102181
-68.68892310291557
-78.12152434435897
-85.83566138475264
-91.55421539546
-95.22368784504249
-96.50854013841247
-94.7928130108747
-91.06839166819209
-84.86204208530988
-76.3281503860821
-65.54288791075255
-53.60818035624086
-40.281584913073964
-25.6566315691943
-9.8279592871533
6.963965377064409
24.3719074847979
42.19956186502528
60.40838013538708
77.9949921920474
94.09531062841762
109.10126571783135
122.4173518794832
133.73726751240298
143.37014209057207
151.30085363340058
156.9728702403955
161.22166996329443
162.84256010511055
163.36971299246179
162.6476602543098
160.3701414185238
156.78002110267437
152.16019134058138
146.70831987541183
140.50871802170823
133.55429351015343
125.5087316182222
116.89097627091094
107.85384559363557
97.55462380464648
86.41069941354142
74.81669383659391
62.16402893355411
49.12610534440355
36.47079446891404
23.91592307578386
12.118864395487016
-0.39054689332567255
-13.308812916521681
-26.101132124756948
-38.650734516912024
-50.787714296610865
-62.00067848670782
-71.27339661387559
-79.32760235642806
-85.25207013033882
-89.20304814722273
-91.07402299212961
-90.01705733924267
-86.20857216705603
-80.00187320446915
-71.7036575929586
-61.97761937957036
-50.972776734555076
-39.10519948934398
-25.734040014882073
-10.969497055698813
4.8923511744914725
21.56892578430565
38.68523083098014
56.1746283676167
72.99487392994853
88.44496828966331
103.30226130892004
116.62308864630246
127.84719919014599
137.50238941781004
145.5532767809507
150.94855210452192
154.38233807061795
155.78515308247498
155.88846381403368
154.71014601144097
151.99806898802618
148.11452803950107
143.1023465389404
137.24975271581698
130.55998342172924
123.17852281231679
114.91534205103864
106.31178907100745
96.4261074417445
86.10628461021224
74.76517420202397
63.23835805632743
50.55983640231426
37.543399519752164
25.530760919407648
13.531906970761082
1.6808728348213937
-10.75063665939444
-23.59725659564374
-36.30687295918953
-48.967422777122785
-61.3820615091077
-73.44119535182017
-84.60241026398391
-94.05674561642533
-101.26976953885094
-107.4705970203155
-111.0472542138292
-112.64275628290757
-111.39610113943476
-107.69047994177434
-101.44131117438107
-93.66023712901737
-84.68109074966344
-74.07539574881388
-61.76763668926945
-47.73187729174816
-32.27164007893409
-15.77848220753099
1.434561837706872
19.234067547379354
37.347712734964865
55.03157673522458
71.63332514106905
86.4030537350676
100.70122653807725
113.37588179009019
123.94866656967847
132.75368219353345
140.01850737408304
145.39711938410701
149.2925130082143
150.13719007051114
149.69991953468846
148.05484497884967
144.97304958139188
140.81495310693796
135.66424151530194
129.73924684299263
122.93478355283428
115.27063595424359
107.0910527539185
98.30603321120519
88.45738306273596
77.43325326893974
66.35825277424465
54.83359195329488
42.407444990802084
29.55150856691002
16.871057237806866
4.516779461780584
-6.55642986874857
-18.187530221441396
-30.32038458342795
-42.33712004979982
-54.32711640686134
-66.18908586351513
-77.82848155066937
-88.55743455451586
-97.5169058028169
-104.02314228473216
-108.87698101803856
-111.18762661805137
-110.89092798326843
-108.53161224962437
-103.72401594367228
-96.52429176042595
-87.72723375722478
-77.67065046925212
-66.73991195418941
-54.22745186774173
-40.0525345142351
-24.430936571460908
-7.812091519691176
9.52370682940195
27.337813224284726
45.45646456512627
63.40707095595832
80.3688791789909
95.40858431416164
109.37219060133464
121.80396504035875
132.36467933482092
141.02639849965936
147.85045892709945
152.93388985646908
156.62818238861274
158.5167509267836
157.99419413048508
156.35439711456903
153.4676123965829
149.44608938959786
144.5743897585676
138.9306273049067
132.66844881224856
125.74726648458517
118.06625966876145
109.64073538502919
100.71918478028422
91.2046335852153
81.39529255643586
71.54225397447328
61.4170895853865
50.463178939144356
39.2187977109811
27.793537654448425
16.441526374118816
5.999963639541839
-4.878518854289633
-16.043345034635518
-27.33070103026593
-38.63439753571271
-49.51762815066635
-59.27916738282602
-66.74633211445071
-72.56466335731093
-76.56394176413575
-78.69416811332198
-78.65749900504643
-76.53411700024958
-72.45198763754506
-66.62757422508706
-58.51177845864406
-48.78647187948326
-37.73779286415703
-25.16046858229062
-11.384053122088787
3.540786648151297
19.53084095872976
36.46804919652628
53.896087505084864
71.81328775997152
89.18731712058135
104.82913617974809
119.24814907973467
131.95473219270178
143.01216095593932
152.38616214307672
160.1096941937843
165.03401571694198
168.59575494689287
169.44504472966543
168.95205455066457
167.33474649096277
164.37646542737372
160.36725628084668
155.3893322307594
149.59651415137697
142.8355013279407
135.30626053776757
126.64790227880754
117.32623883258971
106.62372026051331
94.87071936966423
82.43658640172306
69.38459958127206
55.37000005432315
41.12321819635235
28.184070710309005
14.733829211668123
2.1410609129035296
-10.930262451137844
-24.503929515836624
-38.02027640626869
-51.48624167072444
-64.72068162631052
-77.49835241731692
-89.20877446146524
-98.86706485606
-107.26900946346747
-113.72894038601096
-117.57117367137502
-118.60404603607415
-116.73472359449356
-112.35699493419479
-105.55586307090928
-97.24599171225525
-87.91891379028154
-77.0844362569748
-64.60144409102568
-50.51538597740476
-35.1089049647045
-18.78346716432815
-1.8556545978685446
15.521473638298184
33.104480946448135
50.395188707410725
66.43934935043016
81.55024617745711
95.29376560368256
107.3809751497499
117.4675301722311
125.53970878230928
131.34052517313322
135.30318869915263
137.0734893349116
137.4980062581132
136.67527509674247
134.34982316675254
130.80212137587986
126.1031682613662
120.50983110992887
114.07311186131312
106.80707345844996
98.70370370462918
89.84372711257417
80.31351769934881
70.64950987429329
60.50356547616913
49.61969519802653
37.83639443586088
25.87238368443617
14.07708152901343
2.1278617019021744
-9.641540288339499
-21.8004293490538
-34.233179310578265
-46.52913545639
-58.73899386967815
-70.56374433571673
-81.6385225056459
-90.86888322332118
-97.87811967976084
-103.70871363138895
-107.67577529191108
-109.55279042736777
-109.23827719341485
-106.77770942295825
-101.64149138078739
-93.91868626533592
-84.55265062293725
-73.50507319236605
-60.84648194735211
-46.54332541043958
-30.817850356823318
-13.981677447220358
3.6898740413275397
21.924131585593102
40.35424334809929
58.64824707547552
75.91385620741494
91.5107295217002
106.49405310639095
119.6203473655616
130.7030101997913
139.65640958829766
146.78064924159688
151.59142062401733
153.73756266544325
154.3835014982748
153.70010099523836
151.35055608663154
147.79740045174242
143.04507981478608
137.36213321368504
130.78511139099166
123.41031270780286
115.39455431255405
106.68041953868595
96.46585444233163
85.14130123249946
72.71023726025491
59.86370493344391
46.575249728174285
33.40065112435674
20.156249300560063
7.753336487926665
-3.9414556683129676
-16.11809832212582
-28.814845799108436
-41.413515242804294
-54.077793316110345
-66.5481015417727
-78.71207912906125
-89.92590829213083
-99.28392482702377
-106.90439341322474
-112.75807584766
-115.9031871231311
-116.24389442360199
-113.71182614047044
-108.61140536813473
-101.1950989444301
-92.28956352100917
-82.0765796810072
-70.8886505462147
-58.092766192194055
-43.643875987059815
-27.790237774795443
-10.875360236532492
6.7724029509692585
24.90011854832337
43.3861258107989
61.38253877897004
78.16203705463099
93.48898112670425
107.4488894084576
119.39461801638302
129.41107832156248
138.08145653826338
144.81969529924524
149.78193732114747
152.04946109074706
152.82901894733587
152.34177234080798
150.14480181391778
146.7247728171457
142.09922317734865
136.56860076468456
130.21232932934822
123.15899318988929
115.2943070971084
106.9964729615047
97.46968083336405
87.10740157389583
75.77673760264913
64.08014756335932
51.77308652750839
38.05050231447062
24.462412481730546
11.275048109669958
-1.0885804740687768
-13.801605286654095
-26.903050193115316
-39.7294045163706
-52.60093393232083
-65.24653344735428
-77.49284133474194
-88.93841242936152
-98.83718961909814
-106.83359382407598
-113.87701498756363
-118.4393640342916
-120.3513172723554
-119.34820140640109
-115.81709670769499
-109.91437920703102
-101.73590509372957
-92.27947589907595
-81.87246325669199
-69.86400244777612
-56.255184256236134
-41.31743175298842
-25.325348302084134
-8.532333676202176
8.816826861400187
26.331656065915706
44.043641345217736
60.86805432435951
76.19078292761792
90.97603125296456
104.40207465965813
115.6304096199073
124.80747861316638
132.08373101848917
137.54581577156162
140.56612636247283
141.61980099078704
141.63070946502611
139.91874764237664
136.91859596697574
132.76616611097396
127.74398337300444
121.93332425178474
115.45264334028242
108.29566666334624
100.19224777504536
90.78628715742009
80.3211454747422
68.89971064826716
56.532835618639886
43.90890098173635
30.674835809304454
16.957014892990276
2.7501202588045626
-11.05079637047568
-23.75039575461576
-36.89597960102921
-49.806346087474445
-62.7612907451544
-75.6738911906868
-88.56467830150461
-101.08296275495707
-112.75207464543121
-122.67973307288479
-130.71033705063743
-136.23360792905905
-139.20168074184758
-139.62634990473552
-137.39306248961446
-132.6667173288431
-125.62690131708604
-116.52786704704225
-105.49110426933805
-92.64190859399996
-78.98248403695102
-64.02498607608219
-47.83849635749389
-30.731147723673804
-12.963298163491775
5.22018117397773
23.666367492743245
41.732768110499364
58.539871259798836
73.62840341873435
87.26210747345141
99.35398146045192
109.45758817238868
117.82212458448112
124.04827326614948
127.99241230640848
129.85350771658628
129.96135517670342
128.91700561271264
126.6009029015824
122.95839324417658
118.34193862276452
113.01886933052269
107.1709107649059
100.83580141100052
93.83299783443198
86.3184796504326
78.39827615599012
70.43496515376783
62.2783109880414
53.32397694851755
43.90944248438034
33.658116410682105
23.11237331368652
12.48382271017671
1.6258139511568377
-8.735488136144445
-19.03824211755213
-29.499296224200947
-39.891243346816054
-50.58255415432881
-61.451447761605515
-72.24333657800939
-82.56836386388134
-91.99072054042011
-99.69804560759104
-105.78116130985983
-110.93489438875943
-114.68570159367327
-116.21761512318409
-115.09547506899607
-111.4461921058975
-105.51663865411855
-97.43729962552095
-87.2539993613489
-75.9521722256111
-63.65981110212327
-50.15584887550682
-35.55611807301454
-19.870786132794443
-3.4055775654415545
13.352156918887088
29.93840762846439
46.02889466305991
60.66933239722007
74.0337686131905
86.57075526671069
97.81980889639244
107.36252805715299
114.77766494171219
120.48535998526069
124.3001553696428
126.87335116550084
127.42452743401303
126.82188424104488
125.02600329831739
121.55861422674256
117.172140607012
111.89972226164298
106.01112393038298
99.65719785197403
92.9166235036572
85.71057744349264
78.3100829948164
69.8170375091812
60.48353181955389
50.30517313284792
39.58729000752025
29.069306943674928
18.453008285554688
7.370473856471423
-4.583911433698174
-16.238596325387785
-28.177715671554132
-40.32913677021918
-52.04823041842889
-63.64938598187303
-74.52034637162933
-83.91339011871796
-92.25403444385358
-98.6064956385748
-102.98995333129994
-105.2413646877636
-104.5556115705441
-101.00214308637469
-94.91430787936315
-86.48012355984177
-76.64104892242963
-65.50780735819987
-52.44013640300383
-37.71079654883694
-21.78603419290402
-5.1437218119557295
12.003246379680894
29.54002849277202
47.62227286513138
65.59594987058702
82.19732153937782
97.96655719120794
111.68772697056063
123.39865424931287
133.2721907453568
140.8053086771651
146.04647071523613
148.4215031631455
148.9048515567172
148.04412104340446
145.34413667899918
141.3122984698659
136.07764901711118
130.0116952267691
123.32917423730599
116.21188552952323
108.61631318235409
100.09786222489086
90.84708767019141
80.53469484046178
69.21203114721389
57.329185721023876
44.93779229517867
31.708466543304745
18.199057869601166
4.351567563872169
-8.939014277786002
-22.462902385072628
-36.36370855231282
-49.886869764173476
-63.455748458761825
-77.00207591600875
-90.42525498337585
-103.22193611427845
-114.68519429847902
-123.94933977795465
-132.16042635611294
-138.42629023297928
-141.96725984373026
-142.44573362588872
-140.1181305011139
-135.1962075771196
-127.9629976519566
-118.69100602315235
-107.54487994730745
-94.57854062066217
-79.90835440116784
-63.91009066180672
-46.926738622362315
-29.128211868938013
-10.773045065047095
7.79408734458064
26.474348808579556
44.39362991131756
60.450724802814335
75.95440786852635
89.6885260804496
101.31792554315153
111.07342929704225
119.03881669146301
124.76552065950703
128.55049414367224
129.5982201147624
129.3312174948714
127.8132380141962
124.87441014829098
120.87365692500764
115.85205615123704
110.06519293228176
103.62925684049851
96.63164070862152
88.77124237690127
80.33440768657704
71.60595609960679
61.6673033607792
50.951435635603445
39.942771617740775
27.94086469270683
15.062958928070621
2.1423689663408196
-10.806837269778324
-22.88363723894826
-35.415882340882305
-48.27325159182947
-61.02928233040271
-73.84371864661871
-86.47091268757674
-98.6942062559561
-109.90612127441011
-119.15851387365456
-127.23621931257135
-133.48128470159045
-137.75387758860364
-139.03471163904277
-137.5012840072167
-133.4844427299681
-127.08595425741815
-118.55498863366955
-108.24938352639617
-96.31453934112002
-82.71643107146996
-67.46054118065506
-50.86093453989545
-33.26830199548945
-14.93066700181359
3.9395687781404938
23.212872817220028
42.00341082029871
59.11755164277707
75.35949203902496
90.2478139581178
103.24951890967095
113.92800195827843
122.66868600770056
129.81051452867624
135.28137977181822
138.87293265313545
140.7974629486841
141.44560034637752
140.62112290000968
138.39273877332224
134.9756680326294
130.53377739020308
125.2155293811319
119.0290233184803
111.77352357558209
103.81840916663836
95.5817002633577
87.11758135341576
77.42675991217364
67.85170012927554
57.853396289660765
46.94929032840102
35.65252719763682
24.39771095743143
13.159429615570318
1.830418615219341
-10.045923112619889
-22.11581959943971
-34.24581939874701
-46.409732812658554
-58.50301889304396
-70.27121204334428
-81.28145501300358
-90.86317512193328
-97.98472500687721
-103.66691099061063
-107.61603808535794
-109.07238287660651
-108.41543291018833
-105.18998164755499
-99.4035746982985
-91.93743244347165
-83.19101829107835
-72.79472645834151
-60.710187455591004
-46.90096458671443
-31.50805300863379
-14.775257035421374
3.0403616758451424
21.626068871080054
40.43309133650456
59.12772181167733
77.40984412282823
94.53208430215535
110.38889470740273
124.95814600186944
137.70653253664068
147.9559122791445
156.21290580388788
162.8742287824866
167.42364967324474
169.41211504950695
170.1231347115021
169.6589327956566
167.53319538814614
164.0628815685144
159.18216722282713
153.25903276740925
146.3736481994062
138.80169599375284
130.48436563682333
121.14964046699697
110.66555023631348
99.23053455488514
86.62562892243167
73.45277914117824
59.961568586698306
46.60985215230185
32.56955881593616
18.781391024124225
5.823536890228469
-7.670785674666344
-21.703313235551228
-35.50547559394611
-49.18936692810343
-62.474419614555
-75.38736503971356
-87.40927943143299
-97.85916738837436
-105.97564110277615
-113.10628193883186
-118.39538297711631
-120.87864101510031
-120.38456801534393
-117.16737075028539
-111.4655146233396
-104.22290194152664
-94.95496625107388
-84.05130916027554
-71.50844536198123
-57.20497360566011
-41.37035842584085
-24.388058621592343
-6.614575645121418
11.727498379559103
30.347611756983934
49.225271972894845
67.1843348918067
83.30559704359123
98.90112027529572
112.8577335970639
124.82867860045232
134.71560753710048
142.82552180756576
149.50446621991918
154.8368125943704
158.2106036695981
159.4306984168724
159.46664913664904
157.9516770079327
155.04364827807157
151.11881043378045
146.3801147983415
140.8024957140313
134.5000446024298
127.05151579448409
119.07395350178085
110.71274020871067
101.21579596229013
90.81396939515368
79.81398025521038
68.83312280889184
57.02987891439226
44.173859769790404
31.011145926261353
18.370431657323977
6.909743722891289
-5.010226954835246
-16.976910478146916
-28.8998307642177
-40.945320879888754
-53.02591856740687
-64.9247363529606
-76.3110527341494
-86.59090052423376
-94.97034550472293
-101.96548915030228
-107.10762358262139
-109.81365713253325
-109.83449118279623
-107.94461870740069
-103.57383246426572
-96.74587970224621
-88.31184383559636
-78.48739726168606
-67.63740847000224
-55.0951679547191
-40.919909696239024
-25.423218249346412
-8.840208012638199
8.621977322471702
26.82626057582787
45.67922627656774
64.13416404673312
81.19791992319738
97.23326116010207
112.28330539047293
125.72220174977404
137.22489721281534
146.65183101364343
154.0726715244905
159.56998563440533
163.94051651231658
165.85574882060314
166.22511094223046
165.37416921670962
163.17879172931887
159.67718632201877
155.19279143630305
149.74169501226925
143.33554561498775
135.69859359023357
127.32747062502051
118.29137597347895
107.97817021789619
96.73038303817252
84.61159442304606
71.67934620007212
58.06789112282555
44.66004609527912
31.453855870410646
17.085443684456507
3.6772435292930092
-9.349007178541644
-22.717760911244397
-36.25933247888146
-49.81676588232538
-63.446379884736054
-76.87152979303613
-89.94206780814685
-102.29925424707884
-113.33148929600492
-122.04568573850852
-128.14057686488064
-131.44434640107846
-132.14981220775434
-129.89013979725087
-124.85168523128054
-117.95184901800918
-109.36975419835153
-98.52391507502222
-86.23510666183672
-72.83591405830084
-57.96572133522724
-41.75538949700374
-24.41631350579267
-6.244997539043024
12.488015171895391
31.433061939944107
50.65937576686017
69.4461744865656
86.67790228625915
102.50551900821453
116.66755335303979
128.9611891684959
139.09157156158133
147.04013777650852
153.24091323919737
157.5422867269759
160.80470510136948
161.42605682840255
161.01056020121496
159.24213351351233
156.01831664005414
151.82888041582632
146.7660899226013
140.95841502140095
134.54208575602811
126.27730453711925
117.20417330649283
107.43649598020413
96.70091302049127
85.02401990467432
72.74310544871979
59.844302936594715
46.60299637549136
32.55186888789829
18.769683600111556
4.834150480364551
-7.479881713554676
-20.46225354505241
-33.64058669794583
-46.652864419205414
-59.752830337400475
-72.76331393847408
-85.52393983009557
-97.46808734916178
-107.0864271364119
-114.30653139134063
-120.44737314793184
-123.93183997399983
-124.56660119779333
-122.34938371303858
-117.38635790550624
-110.02362286207034
-100.36375476158027
-89.35191385139794
-77.30300014920768
-64.31933253396129
-49.81054933507016
-34.02339525770132
-17.317991897602145
-0.0021843612489647057
17.84437029455421
36.0910869527263
54.17494488317243
71.86464033163584
87.46945883200254
102.30510379960428
115.2008021022465
126.07016941039795
134.6166541122151
140.64499266589556
144.10058169956187
145.43514571552745
145.48257390437007
144.09466512453406
141.16821285108188
137.0162116384824
131.78712231240863
125.7532717545958
119.12082573158936
111.87621330340184
103.92663537162287
95.39567780443012
85.9584351308673
75.63075445623858
64.4480709798209
52.752941990994024
40.492829811025544
27.964467338937215
15.329316120097564
3.58897013882306
-7.245722130224616
-18.564634570933332
-30.222641946399083
-41.94361643060247
-53.772013445440265
-65.5788667284041
-77.31678138809166
-88.71758530501819
-99.37773676931039
-108.8561844267397
-116.20581267328886
-122.10829015113478
-126.17053756559635
-127.86747721721723
-126.96357771750873
-123.52506887811533
-117.70084427475425
-109.6745405095918
-100.37425255213871
-90.18652928184561
-78.42132036313474
-65.00249719383696
-50.163416932576204
-34.18364777290673
-17.27723992971876
0.2921855229596911
18.34384752687885
36.31222605606563
53.4882392775985
69.13170301207953
83.52194290884123
97.008816259472
109.10433085101033
119.06726623395956
126.91989291643772
133.48983154520116
138.23360403030097
141.4344955571079
143.16579242416722
143.27867004512754
142.3758312633488
140.08754778930998
136.6525664775425
132.29337966969194
127.08068219327338
121.03895485657522
114.2678129049327
107.04392673680042
99.19480151004741
90.31943537509099
80.47512206164468
69.73399970363981
58.597629401573855
46.9547784963964
34.90082799352224
23.333958330609388
11.51164671564518
-0.6146211069817739
-12.921678271390547
-25.818700441543857
-38.61421897598868
-51.27281263347752
-63.92179720196727
-76.3231334755349
-88.45488683173768
-99.2001284783572
-107.47881946701983
-114.21738018717235
-118.22478220322805
-119.84779004398727
-118.73395396489985
-115.08489899356887
-108.89489835541372
-101.12892331514838
-92.21391076435538
-81.63393624159762
-69.24793343485109
-55.06954434485407
-39.386491422786555
-22.626273385581865
-5.060853087597617
13.2406408170182
31.918063070958198
51.14066149796454
69.61805750635625
86.34335359392398
101.75190632115044
115.48821309300718
127.56247198086238
137.4164988761529
145.20483959169977
150.94179014253922
154.8479700391601
156.7839468918473
156.5653603338214
155.4045026181835
152.73732652014888
148.72128818866963
143.78394882841084
137.99232305824916
131.42084295336758
124.26676169283081
116.26470351738551
107.65775145781902
98.42048549588424
88.23360213104654
77.04472123196632
65.16345168652802
52.78204048027237
39.87333428558825
27.33446377289278
14.277063869937999
1.7976050723900077
-9.617209212016249
-20.980748399318312
-32.42412712750658
-43.947357193261226
-55.66160780103029
-67.37039971074546
-78.95849342437498
-90.16570945297471
-100.54818644216486
-109.43576480239285
-116.36044837998547
-121.45807556488433
-124.08486909764622
-124.18379139755899
-121.47995262668354
-116.08981560590576
-109.10527868327031
-99.94537152598713
-89.47944870559918
-77.95743436391814
-65.58956059267746
-51.645110104892844
-36.25021894763033
-19.669411726962636
-2.1814240584136004
16.027666118776253
34.51589659873821
53.07746913665068
70.66663665903377
86.82222617152017
102.30511698357024
116.22336751173438
128.25484824977647
137.9509678001842
145.554646869728
151.46225107747787
155.05763369107493
157.8479940131103
158.37538960005847
156.93404268589435
154.21814552365797
150.03721908077765
144.88584318564935
138.73930864729653
131.77275714296073
124.09335006482489
115.51973228958961
106.5178327545933
96.2561404307783
84.98397824053832
73.63484987797585
62.42931584258209
51.52036631228046
40.00411973223486
28.445237014959304
17.730920487829735
6.688139378876228
-3.7561152469057966
-13.93041557464564
-24.45605953397937
-34.99933546767899
-45.75377639525213
-56.38586286391155
-66.72619631475516
-76.229951249542
-84.13524932160594
-90.57055592883623
-95.16839681717163
-97.40740613069316
-97.81376013274462
-96.19681987699612
-92.60862645863317
-86.50301864650845
-78.70066255056564
-69.58696135425629
-59.42465399445508
-47.6673853164781
-34.32529144314183
-19.557602392037882
-3.568785392209508
13.338104030458112
30.900032701930996
48.71412983822747
66.43010709024658
82.95124461846235
98.45504559054753
113.14908756972835
126.41806705797615
137.606853374961
146.76994630419736
153.72646533077324
158.63268433500448
161.96497572149548
163.16957599661058
162.72708475646343
161.2982509160642
158.30988688090875
154.10605743435664
148.96819945013948
142.97232634212824
136.2510575358984
128.86842954251253
120.74104768349991
112.17060468536252
102.24671835399214
91.35013373842976
79.45464376372968
67.03618996842256
53.92519105220986
40.35380571850482
26.39860333045195
12.350714363007011
-0.8734085138476494
-13.299044250575863
-26.264286166455594
-39.16060251424609
-52.11413509304617
-65.15876799857948
-78.1026931629751
-90.85775417310566
-103.07322059098371
-114.19832059022251
-123.52641664126392
-130.23613552549568
-135.32493573070184
-137.94467352357483
-137.7519145305454
-134.82500904439277
-129.3167185721289
-121.45649828676079
-112.0994110623036
-101.47023971590576
-90.04132727497091
-77.09797095618524
-62.69595361487782
-47.10790644454393
-30.712994550216045
-13.76888437999329
3.654139633930525
21.63099515382933
39.313441896611224
55.762820958517906
70.88201275411245
85.49501117703839
98.26705527663908
109.05462019323603
117.72482032489661
124.17572515669029
129.0003606733519
130.80782196349398
131.66106725489385
131.02796888987518
129.01738218056008
125.91757844655213
121.79010286629864
116.94114940647978
111.43138680831159
105.19377194865194
97.86483239482668
89.80449011737409
80.45612218309954
69.99069144129484
58.48824454879771
46.536209883391905
33.928267467326116
20.70020704447121
8.01548013113067
-4.351365327802648
-15.575028120039935
-27.656233229360073
-39.963501730948096
-52.37930889431019
-64.98167178798064
-77.58489387151722
-90.12008568692572
-102.23456903615386
-113.39928882725984
-122.67178884960326
-130.4382201040922
-136.385086809546
-139.8610019138376
-140.56997757842728
-138.4968542940426
-133.80313240886676
-126.55473160786852
-117.91166766000187
-108.22509318442962
-96.84093971350184
-83.67062356691086
-68.80085345644336
-52.59023468615208
-35.325538582098815
-17.161904397424834
1.583547096094034
20.68919858740379
39.212114339196404
56.64696139518962
73.00294314403428
88.56651110144419
102.44048404970899
114.5008455770467
124.32088456537296
131.85972046810113
137.04521539787913
140.90032129297933
143.22110980286257
144.3527565205417
144.2148928127099
142.52016358347865
139.65583054726454
135.71484178086482
130.8095664502395
125.03995894840682
118.32527230251226
111.12751293318496
103.07273732994133
93.71606941331468
83.34104621195826
72.19192518115538
60.12206640556512
48.257005506079956
36.01329452188011
23.51725972772051
10.884195604452664
-1.2083730655488574
-13.817669334318863
-26.912898841217228
-40.031375729471385
-53.25420430231213
-66.35155728226414
-79.21560784820755
-91.40487254018176
-102.36589232613832
-111.02167221270327
-118.09084855590366
-122.5100957641092
-124.49878573243348
-123.68054430056468
-120.26074452614981
-115.0765578709543
-107.49649213559118
-97.62467972671118
-86.5184616452545
-74.51736801409645
-60.86737861573266
-45.58552706463837
-28.97462988143488
-11.361044138915535
6.887755119674046
25.593907577144837
44.30249934786234
63.011045202191504
80.19344541943667
96.20981191882701
110.55786661214054
123.55602069636825
134.77248854586315
144.2776480140082
151.47600114478314
156.75564004642814
160.69408399031303
161.87997097356845
161.88283471044943
160.63152876012367
157.9105632043595
154.11420943060094
149.28283380912472
143.60781691617848
137.05376574531974
129.69282837179736
121.0097190961679
111.44941910456149
100.61009281637853
88.75074617268912
76.59122494307951
64.17276049893462
50.88527961136733
37.94989363452457
25.266361352820013
12.02093307902625
-0.1400579043072913
-12.87825687812133
-26.083993627613033
-39.35284449489198
-52.69939117767522
-65.76835754241115
-78.21460643649043
-89.36849578218093
-97.98807980996507
-105.01723007114765
-110.00741379614446
-111.98377733115778
-110.71373664452435
-107.22667532081273
-101.82243370915378
-94.01315072753772
-84.62854699713111
-73.95375694999778
-61.56368741791628
-47.69225014870339
-32.36365108516944
-15.763112338810899
1.8170396359093133
20.02350295831946
38.40579783284107
57.02445492214518
75.21197561758066
91.55843260293204
106.97278886712535
120.79019883443702
132.3439254543454
141.90396534747032
149.60594390978545
154.85931875555653
158.51276039108797
160.07621755208652
160.43340149135037
159.21888644822826
156.57875935550322
152.76408625360017
147.9060562547532
142.156443479004
135.6298109801163
128.58356595074844
120.62564799065433
111.03378786880043
100.20450492279352
88.983784345563
77.61274192928313
65.92037775216802
53.234418323743355
40.396608053841085
28.43266989603055
16.733326582511097
5.181907043112656
-7.011032529453876
-19.291902160873644
-31.534790916224665
-43.77055412856975
-55.78804396152651
-67.05949889183971
-76.60074053825063
-83.88771170215377
-90.09630230514563
-93.66993009809475
-94.51888350568451
-93.28324544569061
-90.01556076608809
-84.2234861799612
-76.00295661112501
-66.37182472830882
-55.6303121401585
-43.97287430001586
-30.59821697405663
-15.750834308217634
0.20012328042841132
16.91436354944956
34.17170978755226
51.87120257763407
69.12088473228395
85.59456222406689
100.29948366286305
114.32699943287892
126.76916582397132
137.35149109229047
146.121747084366
153.14319117457015
158.09055658449012
161.35599769228074
162.7154034019276
162.62696219597618
161.14093617737598
158.18249032889364
154.1118370693207
149.03123004824366
143.14347428314895
136.4888443393365
128.9902375476366
121.08309273475261
112.24680126350816
102.2258483485389
91.1789292262795
80.12070320015363
68.4170725572203
55.69552983351771
42.87988230871784
29.963947590733422
16.911255080205642
3.899778625277639
-9.487306152512167
-22.969645453076055
-36.305861965225624
-49.53560388014838
-62.30640471031209
-74.12151374118352
-83.78968728855911
-92.0152821356873
-99.07665780399469
-104.3228298986163
-106.71129097150465
-106.28813093542097
-103.88694429286765
-99.01190522183497
-91.66900364280396
-83.02732995934097
-72.73910521125175
-61.01365550782863
-47.742801487519856
-33.10803902250539
-17.514448247711314
-1.2430512219533287
15.659249410388748
33.11311650359301
50.219399018493526
65.70449510143621
80.24248248813512
94.10321391752566
106.25157972568951
116.55357478489725
125.14476079798628
132.194050051485
137.02854100778592
138.87096133174543
139.95437320197303
139.50247486942564
137.45195408243904
134.20697793109642
129.90010692501508
124.74982195165562
118.85869829648755
112.10275286254965
104.2731112815296
95.84433221707943
87.05572829506961
77.19140601648762
67.02328143943153
56.20812376486162
44.51546024118582
32.50280394169149
20.212473115866295
8.797151597545176
-1.5667481206136769
-12.898840897332695
-24.26545197089729
-35.48667720145204
-46.73404063684175
-57.67728908860337
-68.27368859700032
-77.34410993435235
-84.41292779051031
-90.49386055423793
-94.86838451970172
-97.12285262524279
-96.39343162780638
-93.58100609157754
-88.18645964585284
-80.4115754435339
-71.11469306198467
-60.617430305380175
-49.28914687990082
-36.46166896555919
-22.332771108741518
-7.161582152170596
8.947867305756628
25.734375280796773
42.937829080979434
60.27513491659687
76.76613524402431
91.74775066087541
106.21734305248917
118.97567103076273
129.9003495163389
138.6139614657198
145.02195092391545
149.06089028492968
150.81849523039082
151.49574032330665
150.81104205278038
148.60177299700663
145.17910119940458
140.70153000735507
135.28537223810855
128.86228263942212
121.54360564793105
113.29795690799708
104.34012519156767
93.77720112021706
81.95890751647929
69.1904782114761
56.00539908091619
42.079169956601795
27.74364809715871
14.013015823037628
1.0696476356627171
-11.701494025376974
-25.199732810935785
-38.850857888949356
-52.25595853114928
-65.5273474876528
-78.3565989262165
-90.11670511440981
-100.04907555529707
-108.28273268326701
-114.0707461333373
-117.44795523592805
-117.72335877725372
-114.82810344437341
-109.27322359936726
-101.43513051070926
-91.46152949418824
-79.47036850963718
-66.27245318638329
-51.99279738723551
-36.1949955002755
-19.335640324371155
-1.9584925882652666
15.713884562481852
33.48782803677967
51.60371684466181
68.93266258967155
84.70408469219194
99.01538006381631
111.33918153770229
121.59519685933415
129.5671651967669
135.20811199805644
138.87944817353787
140.20352971882994
139.9641385543854
138.17252789513296
134.61874418975606
129.6759488301502
123.66014994106622
116.93585439552442
109.76979409638716
102.11292318652724
94.01882588934373
84.92366254109821
74.67255481218464
64.30838164625837
53.81083607094416
43.10374465973101
32.348696897144535
21.13468302114893
9.368630205178192
-3.0145720847485147
-15.015467207913936
-27.069700397776902
-39.34137023605335
-51.670313324267966
-64.01806208537398
-76.15346073942915
-87.96400765855385
-99.02667459840498
-108.68344845175493
-116.0207684049665
-122.12542392197915
-125.49634014635852
-126.9660409058351
-126.06089682020499
-123.00488497431036
-118.0258130987246
-110.65467768847999
-101.07092757860579
-89.42472851667189
-76.176327291582
-61.638287107740304
-45.7587698644913
-28.60036320527881
-10.616533137931734
7.7817196423835355
26.35786597242053
45.2933339846266
63.55033895361119
79.68638290474496
95.02445136947036
108.57653234153959
120.01327011264021
128.93084014644054
135.23412602543058
139.71202835205574
142.1436443369716
142.95951036103904
142.57264275129717
140.59380601052325
137.51931486435
133.27897083935957
128.0439835462731
121.89972668145909
114.97786404210414
107.33801741461112
98.47598226529786
88.91730873243056
79.21773431934287
68.47114935428006
57.762609194395054
47.38273200168322
36.61854855566011
25.697192262748192
14.249242869583584
3.037512605285599
-8.348987597451387
-20.35056964850052
-32.18535925935113
-43.85910096842306
-54.657664198801875
-64.49717237590305
-72.43010103667177
-79.3107150879553
-84.45171775629781
-87.50702335829261
-88.44772514935983
-87.25303840923861
-83.37246701096596
-77.87208000235427
-70.90117373019534
-61.7878969775601
-50.64728967289476
-37.88261066467745
-23.99019656742891
-9.060758311113977
6.877280250374318
23.36943325358254
40.1041252674962
56.4008252822947
72.23690206890616
86.51993277303069
100.02049678512448
111.77566079708895
122.00796925330116
130.41116933795874
136.14617952006125
139.75560426490887
142.09696344470277
142.6237054919717
141.43859383259837
138.92182960875073
135.21395899989528
130.40491340989476
124.6713234327333
118.08379865905101
110.73227562166339
101.82502123714285
91.6633199685342
80.23359851569913
67.87838948173308
54.854112967854846
42.224255568603645
29.421207130960124
15.812190871947104
2.2732867287220744
-10.552302221937046
-23.859440508655013
-37.02625232851087
-50.11950374653105
-63.24025161076982
-76.0531391280782
-88.14746487515538
-98.69274657660051
-107.5743249902453
-115.08977285245105
-119.85843035255664
-121.70933748806223
-120.54909046246408
-116.53536842258
-109.97469318081718
-101.91422523902325
-92.52685989738694
-81.04898436768659
-67.59987446812454
-53.3489780862852
-37.996235124580046
-21.743780456961293
-4.817159755109018
12.448711896472139
29.97549216241845
47.33408084865754
63.92567558627479
79.37174695088103
93.75265566214675
106.25719764734451
117.23742404582296
126.28101084655488
131.94166223870326
135.69163035975535
138.1896676314761
138.65047495280012
137.73083097614563
135.26275312268876
131.5541629779691
126.79782513640895
121.14385593242193
114.75770068847815
107.82712806632553
99.31779708010701
89.37942934930477
77.97919511132004
65.55691153342215
52.3820311402383
39.347228948460135
25.157489259873344
10.079699951694845
-4.25313651106042
-18.80413713149362
-33.756285484895244
-48.28015691496972
-63.065189972442326
-77.59809365330484
-91.82631249200395
-105.40592953008962
-117.56866854312402
-127.20883770447017
-135.8240380693325
-141.7391133589645
-144.79586839131866
-144.879061881257
-142.07412749390957
-136.54684862531073
