25.259175780704286
25.024270882586706
24.764216895314735
24.303676183994213
23.79726837971455
23.14330989146156
22.412468629966423
21.515640869981837
20.523696417302357
19.38288318990785
18.106886996982222
16.726165578357506
15.194304646614935
13.575143048997322
11.80675266003651
9.95889315758267
7.972885644989638
5.897299948513056
3.670932860456971
1.351075801345913
-1.0850277231674283
-3.5896038568297515
-6.125450784372936
-8.662570709943916
-11.176022153076484
-13.649919145955954
-16.045837609992134
-18.292341558861267
-20.375998412006886
-22.274480055514463
-24.02411179331487
-25.603390750193906
-27.06056147739619
-28.353648159193447
-29.54574099908211
-30.597581407970647
-31.55644640043086
-32.38524512502274
-33.11743165351089
-33.7687578736972
-34.36126834352129
-34.892262031848354
-35.35265065455679
-35.7274418984814
-36.01117518066132
-36.20578999468747
-36.300801237815435
-36.322611391589525
-36.266208144124754
-36.15480360567207
-35.98661813715246
-35.753067545696126
-35.45583000431053
-35.099962623619746
-34.67748718126258
-34.20061574993905
-33.66552342914533
-33.096065374428385
-32.48225569142373
-31.830873274257286
-31.13879604387907
-30.400643453039518
-29.6269887198809
-28.819299807965265
-27.988006328994633
-27.154604857641928
-26.33218846285598
-25.56535052994968
-24.80928516565574
-24.053518981121808
-23.25603438915136
-22.39717085306015
-21.505477065656454
-20.566523441616038
-19.551766154552812
-18.436638822586833
-17.2028762025802
-15.87054563470932
-14.416455373276445
-12.865222078045484
-11.191295859358606
-9.414286310246379
-7.504897693549206
-5.503271480693332
-3.377571471476185
-1.1857011536036035
1.0983096768432548
3.44083826412183
5.838214881856394
8.253023190813964
10.659714004459374
12.998628754929415
15.233488736164352
17.294264901943823
19.18115161333304
20.728901342074053
22.074471021968623
23.002652848569635
23.75872510481999
24.085768642691505
24.3279930920822
